Sequence	Gene	t0Rep1RT112	t0Rep2RT112	t0Rep3RT112	t1Rep1RT112	t1Rep2RT112	t1Rep3RT112	t0Rep1UMUC3	t0Rep2UMUC3	t0Rep3UMUC3	t1Rep1UMUC3	t1Rep2UMUC3	t1Rep3UMUC3
RPS19_TTGACGGTATCCACCCATTC	RPS19	10180	9768	9406	1005	1186	911	10693	11662	7010	1517	1212	1596
NUP93_CAGTACACGGCCCGCTTGTA	NUP93	9073	8598	8363	688	479	581	9073	9115	6162	514	402	182
PSMD11_AGAAGGGTCGTACATACTTC	PSMD11	9408	9573	9384	1014	1196	797	9695	10711	6476	923	1234	883
RPS3A_CTTACTGGTTCCTTGGGTCC	RPS3A	8922	8965	8779	1266	1303	1176	9600	9622	5971	3901	3547	3033
PSMB3_ATGGGTGACCGGCTGTACAT	PSMB3	7434	6958	6871	450	628	398	7575	8571	5262	680	572	756
POLR2A_GAGGGCAAGCGGATTCCATT	POLR2A	7672	7537	7259	647	786	683	8467	8619	5644	1285	793	949
RPS8_GCTCGCACCCACCTTGGTGT	RPS8	6999	6966	6775	673	665	474	7857	7964	5314	706	740	739
RPL36_CATGGCGCGCCGCTCGTACG	RPL36	5988	5893	5498	266	276	201	6367	6452	4452	271	535	112
RPS13_CCAGCGCGCTACTTACAGTG	RPS13	5763	5546	5131	187	191	196	6284	6109	3943	297	360	260
RPS11_AGATGGCGGACATTCAGGTG	RPS11	9444	9621	8835	1900	2213	1705	10211	9993	6170	3438	2856	3152
NUP93_GCTCCGGCTGCATTACCGTA	NUP93	7951	7700	7332	1259	1073	1304	7781	8075	5502	1354	1436	1440
PSMC1_TTAGGTGCATGCCGTGATAG	PSMC1	6785	6708	6249	862	925	667	7323	8129	4604	1258	1022	1012
RPS9_TTCTCCCCACCAGGCGAGTA	RPS9	7015	6652	6057	856	867	770	6529	6552	4292	1316	1182	958
COPB1_CGAGGAGCATTATGGATCCT	COPB1	6222	6120	5975	556	797	627	6714	6433	4324	552	415	577
PSMC1_GAAGCCATGTCATTACCCAG	PSMC1	7499	7581	7245	1338	1310	1171	8557	8864	5461	1801	2021	2036
PSMC1_TGTTAGGTGCATGCCGTGAT	PSMC1	7821	7740	7090	1381	1462	1183	8351	8358	5584	2106	2147	2141
RPL5_GAATAGCTTCTCAATAGGTT	RPL5	7083	7214	6755	1209	1032	1036	7003	7490	5319	2559	2714	1920
RPL11_CGGATGCGAAGTTCCCGCAT	RPL11	6600	6843	6055	1008	859	757	7153	7286	4892	1329	1613	1525
PSMB2_ACCGATGAGGTACTCCATGG	PSMB2	6256	6117	5711	609	744	645	6566	6255	4306	378	411	320
RPS11_TCTGGGCTTCAAGACACCCA	RPS11	5670	5624	5302	380	559	456	5960	6532	4015	377	690	936
PSMB2_GAGTACCTCATCGGTATCCA	PSMB2	6147	5681	5610	718	581	501	5842	6109	4006	757	474	453
NUP93_ACAGTACACGGCCCGCTTGT	NUP93	7016	7408	6681	1458	1159	966	7649	7918	5233	1795	1453	1093
COPZ1_TTCCCAACAGCTGATGCTTA	COPZ1	8810	8143	7575	1823	1830	1584	9090	9398	5774	1730	2356	1568
RPS8_CCACCTTGGTGTTGGCAGCT	RPS8	5497	5412	5278	559	425	441	5787	6021	4059	709	923	665
PSMC1_GTTAGGTGCATGCCGTGATA	PSMC1	6901	6497	6757	1147	1185	926	7357	7710	4756	2394	2037	2329
PSMD6_CCTCGACTGGCAGATAGACG	PSMD6	5848	6029	5503	667	662	687	6252	6278	4363	733	833	933
COPA_TCGGATGGTCTGATCATCGG	COPA	5201	5356	5168	429	521	389	5648	5765	3794	346	179	283
RPL18A_TACCGTGCCCGAGGCCTTCA	RPL18A	5722	5505	5266	751	493	489	6107	6234	3853	788	556	893
RPL5_CTGTTCCGCAGGATGGTGAG	RPL5	6541	6741	6108	1157	1026	915	7045	6984	4296	1361	1130	991
POLR2F_ATGGTGTGGTGATTCGCTTC	POLR2F	6739	6738	6322	1007	1244	1078	7220	7795	4880	3169	3307	3088
PSMB3_TGACCGGCTGTACATCGGTC	PSMB3	5500	5661	5302	748	560	507	5433	5821	3617	534	423	504
POLR2D_TCCGCGGGCTGGCGACGTAG	POLR2D	4953	5313	4639	391	333	392	5345	5659	3863	845	639	660
PSMB2_AGGCGACAAGAACATAGTCG	PSMB2	4736	4436	4234	211	160	143	4768	4717	3532	161	188	234
PSMA3_GATGAGCTCAATCGGCACTG	PSMA3	5379	5443	5266	740	567	413	6120	5812	3502	560	479	427
RPL34_AGCGTTTGACATACCGACGT	RPL34	5360	5422	5091	676	466	489	5751	5501	3548	923	846	1053
PSMB2_CGGGGCCTTGGATACCGATG	PSMB2	5370	5465	5093	594	559	537	5471	5891	3833	696	373	518
RPS24_CTTTCTAGTGCGGATAGTTA	RPS24	7386	7327	6849	1378	1776	1248	8122	7875	4959	2474	2759	2200
NUP93_ACATCGAGATGGCCTATGCG	NUP93	4958	4926	4368	395	305	331	5210	5543	3602	357	333	198
PSMC4_CCCCGAGGCGTCCTCATGTA	PSMC4	11079	11107	9956	3824	3528	3062	11508	11729	7285	9505	10654	10840
RPL27_TGGCAGCTGTCACTTTGCGG	RPL27	4932	5059	4388	484	476	380	5365	5766	3351	569	909	845
RPL36_CACGGCCATAGGGTAGCGTA	RPL36	5016	4664	4630	554	433	417	4869	5225	3274	615	745	718
RPL9_AGCTCCGGGTTGACAAATGG	RPL9	5169	5505	5216	751	720	691	5997	5520	4163	918	762	1055
RPS19_ATGGGTGGATACCGTCAAGC	RPS19	5824	5770	5303	1008	889	758	5889	6218	4345	1503	761	1281
PSMC2_TGTCTCTATCACAGCCAGAG	PSMC2	6066	6156	6011	1248	1019	1034	6654	6278	4205	1767	1777	1619
NUP54_TAGGGGGATCACTCACCCGC	NUP54	4601	4713	4444	452	383	402	4236	4602	2930	663	477	484
PSMB2_GAGGCGACAAGAACATAGTC	PSMB2	4274	4437	3695	234	278	160	4270	4613	2708	184	270	68
COPS4_GCCGCTCGAATTCATGAGCT	COPS4	7621	7418	6871	1722	1890	1532	8114	8369	5549	2664	2654	2655
RPS11_AACTCCCGCACTTACCAGAG	RPS11	4679	4675	4398	504	490	317	5215	5057	3072	552	553	400
POLR2F_AATGTCGAGATCCTCCCCTC	POLR2F	9484	9248	8730	3304	2489	2587	9426	10432	6278	4748	5559	4853
NUP133_GAGAAGGATCTATCCGCTAT	NUP133	4999	5221	4750	705	617	678	5271	4878	3337	6267	6045	5585
RPL11_TGGCCCCTCGAACTGTGCAG	RPL11	3862	3744	3454	120	88	153	4150	3671	2571	41	100	46
PSMB2_AGGGCCAGCGCTGTATTACA	PSMB2	4556	4789	4369	542	596	431	4318	5066	3154	830	647	588
RPL35A_GTGTCTTAGGCTGTGGTCCA	RPL35A	5771	5527	5313	1012	969	923	6191	5548	3890	1477	1068	967
RPS13_TCCCAGCGCGCTACTTACAG	RPS13	4933	5038	4492	644	622	660	5719	5882	3552	1034	1118	1108
PSMD6_TGCCGTGCGCGACGAGCTGA	PSMD6	5441	5539	5084	847	968	871	6187	5967	3761	1705	1457	1340
PSMD6_CAATATCCAATCGGTGACCC	PSMD6	5320	5069	5261	1016	833	712	5372	6312	3790	990	888	943
RPL35A_GCGGGGTCTCCGGAACCAAA	RPL35A	3838	3636	3665	128	250	188	4052	3899	2612	323	465	489
RPS19_TAGAACCAGTTCTCATCGTA	RPS19	5709	5417	5271	1020	982	905	5713	5517	3881	1337	1275	1288
POLR2D_CAGCCCCGAGCCCAACCTTT	POLR2D	4758	4700	4723	767	631	524	5306	5458	3414	1098	867	816
RPS13_GTGGGGACGCTGCGTCGATA	RPS13	5355	5074	5148	943	734	896	5511	6313	3809	1040	976	1088
COPZ1_TGTCAAAGCCATCCTGATTC	COPZ1	8310	8421	7840	2460	2591	2159	9057	9693	6106	5358	5392	4648
RPS8_ATTCCCCACGTCCAACCTCA	RPS8	3839	3842	3760	289	237	255	4373	5114	3101	419	460	467
RPL35A_AGCGGGGTCTCCGGAACCAA	RPL35A	3912	3966	3729	367	244	275	4192	3945	2613	493	679	557
PSMD11_GACCTTTACCGATGGAGTGG	PSMD11	4154	4159	3757	530	339	250	4565	4895	3169	538	269	300
RPL18A_TGAAGGCCTCGGGCACGGTA	RPL18A	4818	4688	4599	706	737	553	4619	4582	3092	1015	1040	960
PSMD11_GTTACCCGACTGCATGTCCA	PSMD11	5666	5740	5743	1352	1180	998	6148	6575	4010	1167	1592	1285
POLR2A_CACTCTGGCCGTGCATAGCG	POLR2A	3936	3464	3570	289	254	197	4067	4291	2914	564	575	591
POLR2D_GCGGGCTGGCGACGTAGAGG	POLR2D	6525	6443	5871	1538	1548	1388	7225	7040	4596	2134	2513	1581
COPS4_CTGGGCCAAATCCTGTCGCA	COPS4	6354	6447	5916	1450	1593	1388	6329	6515	4857	2483	2362	2108
RPL34_TACGTCGGTATGTCAAACGC	RPL34	4228	4103	3957	470	485	386	4599	4796	2891	525	418	531
RPL11_TCCCTGTTGCAGCAGGATCA	RPL11	7182	7149	6468	1869	1884	1789	8205	7862	4819	3546	3185	3384
NUP54_TGCCCTCTACATTTACAGTA	NUP54	4890	5009	4848	843	887	764	5712	5642	3565	1327	1465	1273
RPL9_TACAGCTCCGGGTTGACAAA	RPL9	3684	3851	3748	350	296	297	3535	4022	2635	251	415	381
RPL3_TGTCTGTACATACTGGATCC	RPL3	5660	5864	5082	1257	1150	1093	5630	6768	3663	1971	2046	2242
RPS3A_AAGCTACTTACTGGTTCCTT	RPS3A	4176	4048	3919	417	771	320	4582	4788	2979	1800	1665	1524
RPS24_CCCAGGGAGACTCACCATGA	RPS24	5036	4900	4454	922	926	671	5206	5537	3413	1149	1389	1021
COPZ1_GCTTTGACAGTATACAGGGA	COPZ1	4794	5144	4722	1126	862	725	4992	5362	3651	1653	1336	1904
RPL30_TCTTCGATTACCTCAAAGCT	RPL30	4686	4364	4246	677	657	774	4737	4711	3558	1210	1143	881
POLA1_ATCACAGATCATTCGACCAC	POLA1	3556	3517	3416	266	374	234	4150	4042	2806	551	278	452
RPL36_CCACGGCCATAGGGTAGCGT	RPL36	5559	5562	5547	1393	1232	1195	6405	6263	3702	1371	1449	1531
RPS19_CAACCCCAGCGCCACCCCGG	RPS19	3308	3289	2905	144	147	177	3625	4011	2457	426	333	177
RPL18A_TCCCGAAGTTCTTCACCCGC	RPL18A	3971	3956	3796	465	543	435	4587	4482	3082	582	482	668
RPL11_TGTCCACTGCACAGTTCGAG	RPL11	3798	3691	3410	295	424	366	3862	4724	2811	236	260	417
COPB1_GCCAGCTATTCGTGCATGTT	COPB1	7530	7494	6573	2371	2137	1954	7520	7379	5599	2778	2454	2016
NUP93_TAGTAAATTAGCGCCCACAC	NUP93	3617	3638	3439	342	257	416	3687	4297	2626	291	406	402
RPL9_CTAGTCGACATTACTCTGAA	RPL9	3253	3014	3047	218	117	129	3609	4045	2383	83	98	108
PSMC1_ATTACCCAGTGGCAGTTTGC	PSMC1	5122	5176	4682	955	1192	940	5469	5515	3419	1739	1935	1860
RPS13_AGTGGGGACGCTGCGTCGAT	RPS13	5264	5081	4752	1169	949	1029	5388	5799	3769	1570	1951	1286
RPS9_TCTCCCCACCAGGCGAGTAT	RPS9	3999	4025	3570	526	487	459	4416	4251	3090	454	706	731
NUP98_TAGGGTCTGACATCGGATTC	NUP98	5197	5442	4744	1246	962	1108	5345	5584	3429	1836	1722	2118
COPS2_CCTGGCACGACTGATGTAAC	COPS2	6980	7106	6220	2051	2038	1870	6979	7311	4734	2037	1607	2063
COPS4_ATGTCAGTCTCGTGATCTCG	COPS4	5082	5061	4752	1139	1035	986	5314	5175	3610	1303	1528	985
PSMC2_ACCAAAGAGCAGCACGCCCT	PSMC2	4406	4305	4063	653	672	828	3964	3951	3036	1011	964	876
RPS8_CAGGCATCTCTCGGGACAAC	RPS8	4530	4117	4183	744	593	887	4745	4655	2817	1959	1250	1580
COPS4_GATTGCTAGGCTATATCTGG	COPS4	3754	3624	3306	362	432	417	3870	3546	2400	562	511	491
RPL6_GTGGTCCTCTTCCCTTACCT	RPL6	11049	11318	10724	5242	4467	3996	11373	12463	7785	8219	9961	7761
POLR2F_GCCTGCGGTCGCTCCCCAGA	POLR2F	5993	5795	5106	1592	1421	1267	6047	5955	3885	2195	2118	2490
RPS9_CAGGCAACGCCCTGCTGCGG	RPS9	3495	3530	3181	389	349	294	3985	3680	2475	438	330	459
RPS13_GTAATCCTGAGAGATTCACA	RPS13	3417	3521	3068	442	241	292	3811	3807	2756	766	312	583
RPS13_CTTGATGCCCCGAGCTCACC	RPS13	4751	5036	5072	1153	1007	1110	5534	5625	3673	2049	1724	2480
PSMD7_GCACACCAACAACACGCTTC	PSMD7	5524	5481	5114	1358	1219	1350	6203	6721	3921	1573	1427	1434
PSMC2_TCTTCCGCTGATCGGCACCG	PSMC2	5306	4883	5070	1246	1136	1119	5683	6372	3798	3033	2722	2652
PSMC4_ATGTCCGCGTACATCACATC	PSMC4	5015	4750	4424	962	1125	910	5198	5311	3494	1495	1510	1649
PSMC4_CATACATGAGGACGCCTCGG	PSMC4	3589	3506	3536	467	409	426	3903	4072	2700	474	501	453
PSMB2_ATGTTCTTGTCGCCTCCGAC	PSMB2	4481	4290	4095	854	862	661	4875	5452	3185	917	981	618
PSMB2_TAGTCCATGTAATACAGCGC	PSMB2	4055	3873	3893	560	651	658	4389	5071	3067	1139	939	793
POLA1_GCCTACAGGCGATGATGTAC	POLA1	5547	5520	5431	1568	1319	1343	6081	6756	3802	3184	3611	2706
PSMD6_AATATCCAATCGGTGACCCA	PSMD6	4560	4456	3951	882	762	774	4830	5131	2947	1397	1100	1117
RPL30_AAAGTGGGAAGTACGTCCTG	RPL30	3808	3663	3049	383	422	471	3344	3687	2219	474	445	448
PSMB2_ATAGCCGTGGGCTGCAAAAG	PSMB2	3257	3303	2963	299	366	222	3678	3829	2332	554	147	196
POLR2F_CACGCGGGCTCGCTCGTACT	POLR2F	4031	4026	3774	674	718	557	4418	5167	3308	960	955	920
PSMD7_GTGTGGTGGATCATTTCAAC	PSMD7	3279	3302	2870	310	359	216	3676	3516	2278	274	299	423
PSMC2_CGATCAGCGGAAGACCAAAG	PSMC2	4160	4206	3885	775	752	637	4156	4926	2906	1520	2143	1650
RPL27_CACGATGACAGCTTTGCGTC	RPL27	4201	3697	3632	564	657	590	4050	4149	2673	1229	1057	1224
POLR2F_CCTGCGGTCGCTCCCCAGAG	POLR2F	4300	4243	4105	765	806	784	4639	4096	3022	1211	1553	1649
RPS13_CCCAGCGCGCTACTTACAGT	RPS13	4824	4892	4515	1117	1184	868	4945	5931	3390	3619	4060	3363
RPS9_CACCAGGCGAGTATGGGCTC	RPS9	3041	3239	2954	278	281	242	3456	3580	2184	175	481	326
COPB1_ATAACCAGAAACCATGACGG	COPB1	4013	4391	4040	784	748	756	4674	4497	2812	1004	884	885
RPL34_TTACCCCTCGAAGTCTGCCT	RPL34	3610	3942	3911	645	554	644	4043	4719	2691	1334	1259	983
POLR2D_AGCTCATCTTTCCTAAAGGT	POLR2D	4303	4316	3684	837	820	636	4561	4796	3158	1609	1373	1338
COPS2_TGTGACTGCACTCCGAATAT	COPS2	4207	4315	3692	733	850	671	4327	4791	3043	999	964	966
NUP133_CGGTTGATACCTGAGAGCTC	NUP133	3690	3721	3464	590	530	551	4256	4348	2703	1005	693	587
RPL35A_TAAAAGGAACTATGTCTGGA	RPL35A	3009	2965	3028	252	325	258	3211	3585	2125	273	413	141
PSMB2_GGTCGAGGATACTGAGAGTC	PSMB2	3569	3500	3415	608	558	396	3380	3407	2538	616	502	361
PSMD7_ACTGAAATGTACGCTTCTGT	PSMD7	3925	3977	3677	725	677	690	4009	4237	2824	955	714	726
COPS8_GGAATAATGCAAGATATCTT	COPS8	4668	4430	4152	1034	1110	806	4836	4876	3290	896	860	1234
PSMD6_CAGCTGCGCGATACGCAAGT	PSMD6	3549	3310	3193	544	531	344	3828	4011	2317	626	748	870
COPS6_TATGGACGTGGATGTCCGAG	COPS6	4886	4887	4546	1428	963	1159	4905	4738	3700	2419	2610	2208
NUP98_ACAACCAGTGGCGGGCTCTT	NUP98	3771	3890	3365	462	678	755	3857	3655	2604	2076	1768	1572
RPS3A_TAAGCTACTTACTGGTTCCT	RPS3A	5540	5982	5404	1764	1694	1462	6177	5818	4380	4980	3731	3729
COPS4_AATGCAGCCCAAGTGTTGGT	COPS4	3329	3249	2915	446	457	283	3664	3910	2346	274	253	334
PSMB2_ATTACTCCTGTGTGTTGGAG	PSMB2	6266	6411	6253	2047	2017	1967	6532	7168	4577	1649	1884	1831
RPL5_ATACCCTGCGGGCCAGCAGC	RPL5	4128	4217	3668	904	762	726	4033	4390	3026	1536	1216	1225
PSMD7_AGCGGGGTGTGTCGCGATGC	PSMD7	4186	3959	3625	724	971	618	4185	4482	2853	863	1339	806
RPL18A_CTTTCAGCTACGAGAGTACA	RPL18A	3527	3296	3269	620	461	424	3815	4419	2414	910	746	803
PSMD6_GCTGCGCGATACGCAAGTCG	PSMD6	3955	4097	3740	940	797	618	4409	4968	3098	1291	971	1138
NUP205_CGCCCAGGCAAGTCTAACAG	NUP205	3660	3883	3559	568	832	658	4067	3982	2786	770	632	952
POLA1_CGACCTATCTTGGACCAGTG	POLA1	5700	5839	5595	1870	1843	1534	6716	6638	4078	2958	2846	2702
PSMB2_TGTGAAGTTAGCTGCTGCCG	PSMB2	3678	3612	3438	576	690	626	3593	4043	2427	617	406	523
COPB1_GATGGTGGTTCTGAATCCAT	COPB1	5226	5465	4583	1393	1495	1313	5488	6055	3750	1603	1316	1549
RPS11_GAGGTTCCCCGCACCTCCTT	RPS11	6741	6096	5870	2222	2299	1653	7289	6793	4661	3111	2797	3528
PSMA3_TTTAGCACGATGAGCTCAAT	PSMA3	4300	4270	3972	1000	877	928	4360	4643	2667	291	307	569
NUP54_GCCCTCTACATTTACAGTAA	NUP54	4226	4353	4328	1045	926	1049	5021	5278	3177	1112	1560	1392
RPS19_CGGCACCTGTACCTCCGGGG	RPS19	3896	3623	3860	900	814	571	4327	4371	3073	727	783	910
RPS19_TACCCCCAGCTTCCACAGCG	RPS19	2624	2631	2475	208	208	179	2662	2769	1935	121	378	340
POLR2A_GTTGGACAGCAGAACGTCGA	POLR2A	2150	2296	2345	102	55	79	2919	3051	1702	139	124	98
NUP98_TTGGCCGGACTCTAGTGGCA	NUP98	4653	4398	4544	1218	1197	1049	4593	4879	3415	6507	7386	6728
POLR2A_ACTTCAAGAACTAGTGCGCA	POLR2A	5143	5002	4656	1387	1452	1267	5380	5528	3518	3519	3601	2897
COPS4_AGACTTACTTGAAGATTGCT	COPS4	4335	4023	3886	1038	1012	740	4540	4582	2976	1601	1010	1385
RPL5_ATCATCTTGTACATACCCTG	RPL5	3026	2834	2775	295	399	347	3587	3956	2102	376	537	451
RPL3_CGTGCGGGAAGTCGACAGGC	RPL3	2981	2829	2624	328	321	293	3042	2992	2015	654	837	625
PSMC2_AGGGTCAGAGCACTTACTCT	PSMC2	6410	6453	5709	2149	2022	2042	6681	6833	4611	3074	3481	3801
NUP205_AAGACTCACCTGGCGTTGAG	NUP205	4560	4644	4157	1168	1030	1169	4988	5128	2988	1998	2113	1685
RPS9_TCCCAGGCAACGCCCTGCTG	RPS9	3333	3093	3105	476	524	466	3668	3878	2084	563	878	556
PSMC4_CTTGAGCAGCTCCCGATCGA	PSMC4	2739	2763	2378	235	251	228	2820	2835	1889	725	719	579
RPL11_TTCATTTCTCCGGATGCCAA	RPL11	3817	3904	3824	923	829	723	4613	4389	2529	1239	800	1140
COPZ1_ATCCTGATTCTGGACAATGA	COPZ1	2529	2353	2495	327	180	109	2874	3086	1725	367	429	280
RPS19_GACTTTCTCCCTCAGATGCC	RPS19	7796	7344	7699	2985	3181	2715	8660	8732	5522	4710	4676	3888
COPB1_CCGAGGAGCATTATGGATCC	COPB1	4368	4098	4095	1135	906	1024	4574	4489	2826	1580	1392	1136
NUP205_ACGCCTTTGGCGGTAAATTC	NUP205	6203	5817	5726	2224	2030	1708	6443	6097	3884	2695	2454	3053
RPL11_GCGGATGCGAAGTTCCCGCA	RPL11	2979	2672	2615	415	356	249	2935	3084	1978	497	650	392
NUP98_AAGGGCGTAGTCTGGCTTGC	NUP98	5317	5407	4959	1518	1761	1606	4991	5360	3429	3667	3091	3295
COPZ1_GGTGAAATTGCCCTCTTGGA	COPZ1	3639	3581	3249	835	839	510	3667	3604	2468	748	1048	938
COPB1_GGATTTACCGAGGAGCATTA	COPB1	2719	2460	2636	351	358	199	3091	3250	1895	171	237	341
RPL9_TCTAGTCGACATTACTCTGA	RPL9	2744	2735	2424	451	297	220	2729	3083	2013	380	314	222
RPL36_TCCATGGCGCGCCGCTCGTA	RPL36	2841	2982	2655	416	329	457	3328	3315	2250	754	495	609
PSMD7_TAGACACCACTTACGGAATT	PSMD7	3327	3402	3164	777	652	494	3679	3516	2608	559	255	435
COPS8_AGACCACTGGTGAGCGTTGA	COPS8	5645	5989	5298	2116	1922	1654	6276	6343	3937	2051	2246	2028
COPS8_GGTCAGTAGGACAAAGAATC	COPS8	3354	3347	3010	710	597	519	3136	3747	2462	603	658	744
NUP133_AGCGAGCTACGCCGGCCGAC	NUP133	3572	3665	3488	768	862	702	3854	3869	2389	753	971	966
POLA1_TCCACCACCGCTTGTCGTGA	POLA1	3918	3590	3550	911	907	692	4243	4161	2596	1268	1337	1210
RPL34_CTTACCCCTCGAAGTCTGCC	RPL34	4847	4877	4590	1425	1333	1483	5351	5581	3384	2394	1945	2077
COPS6_GATCCGCATGCGCTCCCAGG	COPS6	2988	2957	2888	434	478	516	3311	3398	2210	1022	1157	1004
POLR2D_GGTGGCAGCGATCCGCGGGC	POLR2D	3032	3189	2844	658	444	455	3232	3022	2099	980	999	728
RPL11_ACTCACCTTTGGAAAACACA	RPL11	2455	2505	2478	382	232	211	3473	3173	2137	575	395	445
COPZ1_ACCAGGTGAAATTGCCCTCT	COPZ1	3287	3280	3159	686	555	634	3451	3665	2269	1067	967	1231
PSMA3_CGATGAGCTCAATCGGCACT	PSMA3	4401	4085	3881	1219	1077	938	4416	4678	2757	1737	1652	2343
COPA_TGAGGATCAACTCTTGGCGA	COPA	3458	3696	3394	695	840	766	3801	4009	2506	953	858	531
PSMD6_TGTGGCCCTGGGTCACCGAT	PSMD6	6209	5757	5635	2265	2016	1908	6300	7212	4236	3638	4998	4472
PSMD7_ATGTGAAGCCGAAGGACCTA	PSMD7	3485	3287	3008	653	682	609	3399	3564	2117	606	769	657
RPL30_TCCAACTCGTTATGAAAAGT	RPL30	4620	4509	3900	1272	1218	1138	5343	4945	3374	1722	1588	1468
COPA_AGACAGGGAGTGTCGTCCCC	COPA	3367	3477	3357	717	641	822	3366	3934	2469	751	410	576
PSMC4_CATCCTGAGCACCATCGATC	PSMC4	2687	2376	2577	366	292	330	3085	3146	1915	540	296	368
PSMB2_TCTTGTCGCCTCCGACCGGG	PSMB2	4319	4592	4080	1459	1171	1079	4621	4896	2774	1289	1109	1219
NUP133_ACCCGGGGTCCGCGGAGAAG	NUP133	5202	4985	4944	1760	1668	1471	5189	5471	3624	2512	2462	2280
RPS8_TCCACATGCAGGCATCTCTC	RPS8	2975	2663	2714	418	494	419	3412	3416	2143	574	739	876
PSMC1_ACCTCACCTTGTGGTTGAGC	PSMC1	4717	4607	4291	1421	1476	1167	4808	4881	3347	2674	2212	2376
RPL36_CCATGGCGCGCCGCTCGTAC	RPL36	2353	2401	2138	253	191	239	2869	3226	1747	148	174	198
PSMC2_TGATCGGCACCGAGGTAATC	PSMC2	4505	4800	4251	1577	1095	1399	4565	4758	3035	1929	2469	1890
POLR2F_CGACGACTTTGATGATGTGG	POLR2F	7074	7101	6239	2732	2785	2548	7157	7557	4922	5009	4578	4809
PSMD6_CGCGATGCCGCTGGAGAACC	PSMD6	5577	5472	5295	2161	1911	1635	5947	6569	3399	3422	3478	3432
RPL3_TGAGATGATCGACGTCATCG	RPL3	5473	5541	5203	1943	1888	1776	5435	5990	3855	5612	4922	4673
COPS2_TAGTAACTCCGAGCCAAATG	COPS2	2920	3054	2617	597	548	410	3482	3097	2214	517	444	507
PSMB2_GCTGGCGGCCACCCGGTCGG	PSMB2	2938	2901	2677	526	490	503	2870	2906	1923	612	514	664
PSMD1_ACTAATACGGGTACTGTTCC	PSMD1	6333	6209	6016	2400	2641	2054	6022	6652	4438	3477	3541	3196
RPS11_CCGATGTTCTTGTAGTACCG	RPS11	4811	4839	4468	1647	1529	1321	5419	5247	3250	2364	2336	2190
POLR2D_TCACAGCTCATCTTTCCTAA	POLR2D	2766	2774	2774	466	575	426	3069	3670	2071	419	465	727
RPL35A_CTGGCTATAAGCGGGGTCTC	RPL35A	4821	4448	4191	1756	1471	1025	5091	4832	3098	1563	1700	1446
PSMD6_CGAAATTCGCGATGCAATGA	PSMD6	4357	4425	4152	1394	1341	1167	5138	4835	3215	2699	3354	3625
RPS13_TTGATGCCCCGAGCTCACCC	RPS13	2612	2650	2749	399	435	515	3307	3408	2126	773	446	563
RPL30_CTCACTCACCGTCTTCTTTG	RPL30	6591	6389	6146	2605	2697	2239	7518	7454	4984	4564	4091	3488
PSMC2_AAGGACGACAAGCCCATCCG	PSMC2	3602	3425	3164	1001	827	683	3592	3860	2511	1567	1354	1417
POLR2D_CGGCGGGTGGCAGCGATCCG	POLR2D	2536	2352	2295	275	412	329	2652	2914	1745	1030	641	624
RPS9_CACCTTCGAACAGACGCCGT	RPS9	2463	2336	2322	423	337	266	2746	2940	1771	784	758	1057
COPS6_ATCCGCATGCGCTCCCAGGA	COPS6	2810	3050	2595	586	530	527	2935	3123	1956	853	1124	1104
RPL18A_AGGCCTCGGGCACGGTAAGG	RPL18A	6062	6073	5598	2244	2530	2047	6772	6536	3911	3207	2397	2588
PSMC2_GTCGTCCTTCTCATCCTCTT	PSMC2	7153	7056	6114	2976	2841	2559	7686	7876	5102	5975	5699	5217
COPA_ACCAAGAGCGCGCGGGTCAA	COPA	3615	3632	3753	1002	967	1018	4232	4112	2634	1546	963	1097
RPL18A_CGCCATGAAGGCCTCGGGCA	RPL18A	4205	4222	3962	1436	1096	1258	4606	4151	2787	1782	1500	1895
RPS7_CTTTAGGAAATTGAAGTTGG	RPS7	5075	4992	4867	1745	1914	1580	5181	5601	3557	2354	2313	2660
PSMD1_TGTGATCATCTAGACATCGC	PSMD1	2727	2787	2594	552	530	452	3465	3622	2276	621	926	678
COPB1_TACGTTCTCAGCCGCCGTCA	COPB1	3440	3428	3216	908	784	843	3878	4026	2498	812	780	929
NUP98_GAGTCCTCCACTGCTAGTAC	NUP98	7213	7370	6225	3245	2985	2558	7239	8097	5115	6044	5258	4874
COPA_TATCCCAAACGCGCACAGTC	COPA	1996	2030	1900	223	228	122	2271	2457	1517	73	305	223
NUP205_CTTCAGACTCCGACTATCAT	NUP205	4443	4583	4345	1384	1572	1428	5385	5521	3611	2895	2595	2510
PSMC2_ATAGTTTCTTACCTGCATCA	PSMC2	3054	2822	2769	598	803	503	3289	3489	2359	1132	1286	951
PSMD7_TAGCAAGATGACTTACATCA	PSMD7	3546	3752	3402	1133	873	962	3956	4660	2643	1128	1075	1027
PSMD6_GTATTCTATCTCCTTAGGAT	PSMD6	3306	3374	3056	752	918	778	3572	3825	2784	829	1151	1173
NUP98_GCTGAAGAGTCCTGTTGCGC	NUP98	4239	4400	4110	1388	1623	1128	4625	4654	3104	3125	2631	2363
COPA_CTAGGACCCAGAAACGATCA	COPA	2968	2832	2721	600	642	609	3038	3393	1924	782	638	656
POLR2D_GGCGGGTGGCAGCGATCCGC	POLR2D	3486	3542	3210	1022	982	767	3583	3902	2518	1430	1516	1419
NUP54_GGTCTCCTGCTTTCGCGACA	NUP54	5579	5228	5390	2182	2133	1863	5337	6010	3679	2514	2685	2694
PSMB3_CTATTATGTCCTATAACGGA	PSMB3	2739	2740	2688	558	626	536	3211	3356	1819	575	846	914
PSMD1_CGGAACAGTACCCGTATTAG	PSMD1	6082	6262	5757	3048	2323	2078	6577	6229	4085	3728	3926	3291
RPS8_CAGGTTGTACTCGTAAAACA	RPS8	2356	2695	2516	440	496	505	2934	3321	2076	320	698	661
RPL9_ACTGTCGACATTCCAGAAAA	RPL9	3932	3914	3818	1147	1398	1087	4313	4393	2863	1608	1596	1647
PSMC4_GATGTGATGTACGCGGACAT	PSMC4	4222	4117	3959	1490	1341	1173	4395	4748	2645	2124	2702	2176
COPA_TGGACCAGACTGTGCGCGTT	COPA	5000	4995	4681	1938	1825	1632	5224	5930	3685	2616	2001	2682
PSMD6_ATACGCAAGTCGGGGTTCTT	PSMD6	4132	3950	3837	1297	1333	1180	4332	4188	2791	1640	1512	2104
RPS27_ACCTGGACCAAAGCACTCAC	RPS27	3401	3226	3383	1009	958	805	4142	4291	2672	2794	2662	2326
POLA1_AAAGCCATCACGACAAGCGG	POLA1	1981	3313	3462	728	788	501	4004	4161	2694	791	998	1061
PSMD11_GTTAAGGCAGCTCGGGCTTT	PSMD11	2569	2700	2436	585	542	459	2892	2857	1769	591	498	338
RPL34_CTTTCTAGGTCCCGAACCCC	RPL34	1798	1839	1879	190	172	205	1795	1786	1237	379	271	336
POLR2A_CAGCTGCGCTACGGCGAAGA	POLR2A	4579	4482	4727	1593	1841	1521	5237	5038	2891	6810	7262	7810
RPL27_ACGCAAAGCTGTCATCGTGA	RPL27	3148	3023	3032	796	825	758	3387	3529	2103	774	1078	983
COPA_TCACCGAATGCATCCGATCT	COPA	3051	3007	2706	725	826	611	3062	3260	2323	753	606	665
NUP133_CAGGTATCAACCGAATTAGT	NUP133	3616	3557	3407	1135	1084	959	3841	3978	2534	1425	1411	1653
PSMA3_ACGATGAGCTCAATCGGCAC	PSMA3	5428	5414	5062	2118	2278	1987	6007	5818	3876	2474	2088	1786
RPL11_CTGTCCACTGCACAGTTCGA	RPL11	2433	2184	2227	372	533	423	2633	2712	1815	481	541	502
NUP54_CGGTACCGCTGCAGCCACCG	NUP54	4993	5026	4296	1832	2026	1614	5083	5146	3385	2726	2963	3179
PSMD11_AGTCTCTACTCAGCACCGAC	PSMD11	2993	3106	2857	926	896	634	3410	3568	2279	1199	1064	506
NUP205_GACTTATAAAGTTCTTACGC	NUP205	1734	1967	1695	195	209	249	1958	2063	1498	478	256	200
PSMD1_TTACGATGCCTTCCAATCTC	PSMD1	4040	4091	4261	1698	1270	1439	4942	5129	3094	2069	2433	1333
NUP98_GACATCGGATTCCGGAAGAG	NUP98	3342	3205	3049	863	970	988	3306	3402	2305	1315	1098	1238
PSMD6_GGCTATTCGTGATTTCAAAC	PSMD6	2093	2184	2106	452	363	380	2557	2847	1674	405	515	473
PSMB2_GTGAAGTTAGCTGCTGCCGT	PSMB2	1831	1785	1777	256	286	197	2232	2116	1279	305	93	115
COPS4_GCCCAGCTCATGAATTCGAG	COPS4	3238	3410	2998	1075	1026	841	3754	3511	2320	1237	1261	1621
COPS6_GCAGGAGGGCCGAAATATCG	COPS6	2794	2954	2631	711	854	740	2993	3112	1990	1059	924	979
PSMB2_TCGGTGTGTAGTATCGGTCG	PSMB2	1496	1568	1583	120	271	110	1653	1805	956	101	94	75
PSMD6_TGAAGATGAGTTGAAGCGTT	PSMD6	2617	2696	2386	792	683	508	2699	3138	2015	1001	983	700
PSMB3_ACACCGCAATCATGGTGAGA	PSMB3	6179	6415	5702	2818	3076	2407	6297	7099	4374	3214	3960	3542
PSMD6_CGCCATCAGCTCGTCGCGCA	PSMD6	4094	4375	3941	1549	1720	1382	4439	4710	2931	3021	2332	2843
RPL36_CAGGCACAGCCGACGCCGCG	RPL36	2915	2846	2705	749	889	759	3389	3182	2169	984	1303	1162
POLR2A_GACTTCAAGAACTAGTGCGC	POLR2A	2723	2708	2829	865	770	670	2982	3323	2346	790	1203	1094
PSMD11_GGCGACCTTTACCGATGGAG	PSMD11	2989	3289	2988	977	1035	841	3296	3621	2241	1333	1772	1552
POLR2A_TTCAAGTCTATGGTCGTGTC	POLR2A	4369	4163	4134	1706	1503	1617	4490	4487	2770	3648	3779	3756
RPL36_CCCGTCGCTGTCCGCAGCCA	RPL36	3478	3876	3208	1242	1098	1345	3846	3665	2316	1757	1856	2114
RPS19_TGTAAAAGACGTGAACCAGC	RPS19	1611	1618	1520	190	285	177	1864	1798	1179	469	376	380
PSMD1_CCTTAGATCGTTAGACACGG	PSMD1	2675	2648	2279	741	646	746	3126	2796	1889	1207	739	1120
COPS6_TAATCTTCTCTTCCACGGTG	COPS6	4737	4691	4380	2113	1849	1825	5161	5211	2907	3205	3077	2566
PSMB2_CCATAGCCGTGGGCTGCAAA	PSMB2	4780	4904	4592	2224	2108	1815	5536	5568	3670	4800	4224	4181
COPB1_GATCCTCGAATAAATTCATT	COPB1	3018	2709	2968	914	944	940	3298	3029	2187	1720	1591	1555
NUP93_GGGCCCTACGGTAATGCAGC	NUP93	5344	5580	5140	2706	2710	1965	5919	5779	4047	1983	2206	2358
RPS8_AGCGACACTCACCCATCGCT	RPS8	2204	2047	1994	542	535	437	2444	3065	1793	798	532	1005
RPS7_CCCTCTCACCTGGGAGATGC	RPS7	4346	4349	3754	1844	1984	1342	4797	4711	2940	3118	2677	2900
POLR2F_CGCTCGTACTTGGTCATGTA	POLR2F	7469	7422	7623	4114	3914	3779	7963	9093	5239	4968	5549	4892
PSMD6_CCAGCGGCATCGCGGCGAAG	PSMD6	4206	3985	4108	1794	1751	1602	4410	4498	3021	3064	2703	2990
NUP93_TCGATTAACTACCTGTGAAG	NUP93	1720	1616	1573	330	323	302	1965	1941	1321	319	494	293
PSMD7_TCATTCAGAATCGGCAAGGT	PSMD7	2564	2405	2313	833	882	550	2507	3112	1829	577	662	512
PSMA3_ACTTGAAAAACTCTTCCGTC	PSMA3	1990	1963	1801	494	493	416	2303	2417	1540	503	506	666
RPS3A_CGCGACTTACACTTTCTTCT	RPS3A	3206	3235	3046	1302	1102	1104	3823	4187	2679	3193	2366	2299
RPL18A_CGCCCGCCTTACCGTGCCCG	RPL18A	5213	4773	4235	2475	2136	1865	5129	5314	3321	3108	2643	2788
PSMA3_TCAAGTTGAATATGCTATGA	PSMA3	3485	3562	3082	1487	1300	1142	3419	3588	2357	1963	2181	2072
RPS3A_TGGTCAGAGAGCCAAAAGGG	RPS3A	3170	3263	2944	1294	1174	1057	3521	3742	2403	3099	2784	3261
RPS27_GAACATGCCTGTGAGTGCTT	RPS27	5951	5927	5855	3229	3115	2620	6839	6512	4339	4851	4684	4104
COPS2_CCCGGCCAAGATGTCTGACA	COPS2	6484	6963	5975	3497	3073	3552	7077	7045	4466	2786	2931	3048
COPB1_TCCAAACATGCACGAATAGC	COPB1	1989	1911	1830	475	600	478	2605	2215	1433	420	524	756
RPL5_GGCATCCACTCACCATCCTG	RPL5	4341	4014	3997	1739	2084	1680	4444	4826	3147	2878	2700	2771
PSMC2_TCTTTCAGCTCTGGATGAGG	PSMC2	4720	4811	4809	2510	2314	2019	4926	5181	3322	4219	3689	3674
COPS4_AGCCGCTCGAATTCATGAGC	COPS4	3073	2881	2796	1172	1070	1087	2989	3034	2388	1403	2378	1467
PSMD11_AACTTTCTTACGCCAAGCTT	PSMD11	2211	2330	2286	865	843	614	2213	2836	1478	978	679	890
NUP93_GTGTTAGGGTACGGGAACGC	NUP93	2520	2559	2588	1076	924	809	2392	2463	1599	1589	1475	1409
COPS4_GGCTCTCATAAAGATCTGGC	COPS4	2742	2984	2638	1179	1099	950	2995	3165	2166	1635	1615	1285
PSMD1_CACTAATACGGGTACTGTTC	PSMD1	3944	3866	3713	1864	1820	1561	4455	4419	2764	2663	2713	2023
PSMD11_CCCAGTGAAGCGTGACATTC	PSMD11	1736	1855	1693	541	498	476	1969	1966	1049	1536	1446	1199
PSMD6_TCGCGATGCAATGATGGCAA	PSMD6	2386	2799	2344	1105	937	802	2794	2890	1950	2995	2715	3232
NUP133_CCCCGGGTACCGGGTCCCGA	NUP133	2558	2426	2378	984	910	851	2599	2405	1582	1233	1122	1191
RPL3_TGCAGAGGTGAACAAGAAGG	RPL3	1346	1464	1215	291	386	229	1569	1480	992	967	531	488
COPS8_AACATACTTACATGTCATTA	COPS8	2363	2413	2455	1059	909	771	2653	2455	1660	1393	1097	1246
RPS27_TGTGCGTAGGTCGTCACCGC	RPS27	4058	3862	3604	1883	1861	1687	4141	4776	2991	2450	3241	2991
RPS13_AAACACTCACCGATCTGTGA	RPS13	1658	1856	1690	501	602	514	2095	1908	1148	849	782	971
RPL30_CTCTTCGATTACCTCAAAGC	RPL30	2048	2383	2440	975	815	794	3019	2997	1828	1137	1388	1156
NUP93_CTTATCATCGAGCTCTGCGA	NUP93	1233	1385	1416	297	374	317	1845	1525	1064	758	492	296
COPS6_ACGTGGATGTCCGAGGGGTC	COPS6	4118	4293	4021	2040	1816	2285	4636	4618	2913	3349	2869	4202
COPZ1_ATCATTGTCCAGAATCAGGA	COPZ1	1142	1128	1052	198	238	204	1507	1892	1071	400	219	257
COPS2_TTTCATGTGCGATGATGAGG	COPS2	4152	3757	3663	2092	1830	1681	4371	4139	2802	1714	2063	1894
RPL11_CTTCCTGCTCTCCATCATGG	RPL11	6204	5905	5831	3172	3448	3354	6869	6924	4424	4666	4275	3837
RPL3_CCTCTACCGGCGGGATTTGA	RPL3	5107	5358	4954	2800	2895	2548	5439	5007	3522	3939	4433	3764
PSMD11_TGTGTTTAGAGTGCATCGAA	PSMD11	2847	2834	2587	1205	1230	1092	3095	2703	1981	1517	1209	1631
PSMC4_GCTCCCGATCGATGGTGCTC	PSMC4	3204	3309	3157	1459	1593	1412	3615	3647	2465	1949	2367	2191
NUP98_GCTGTCGTAGTATTAAATCC	NUP98	5106	5163	4950	2702	2865	2624	5335	5498	3489	4799	3967	3873
NUP205_TCTTCAGACTCCGACTATCA	NUP205	2992	2855	2951	1316	1273	1325	3206	3700	2479	2331	2214	2033
RPL36_CGGACAGCGACGGGGAGAAG	RPL36	5178	4877	4606	2856	2589	2372	5004	5155	3449	4238	3882	3627
RPS19_CAGTAACTCCAGGCATCTGA	RPS19	1388	1436	1519	393	360	553	1519	1773	1191	937	548	819
POLA1_ACTTGTATAATGGTAGGTCG	POLA1	3840	4038	3614	2101	1987	1666	4269	4387	2467	3882	3881	3840
POLA1_TCGCTTCAGTCGACCTATCT	POLA1	3296	3566	3335	1884	1661	1396	3585	4131	2355	3732	3393	3144
COPS6_TTATGGACGTGGATGTCCGA	COPS6	2821	2723	2491	1402	1109	1053	3040	2941	1818	1524	2031	2043
NUP54_CAACAATAATATTCCGCCAG	NUP54	2653	2776	2728	1272	1180	1194	2806	3106	1937	2274	1791	2607
POLR2A_TGACCTAAGATTCAAGCGAA	POLR2A	1867	1825	1586	544	690	671	2134	1830	1484	786	1434	885
RPL6_GTAGGTTGAAAAGAAAAAGA	RPL6	1125	1053	982	387	228	164	1309	1305	1033	301	558	238
NUP54_TGGGCATATAGCGTTGTAGC	NUP54	3365	3433	2973	1708	1644	1432	3458	3781	2535	2469	2713	2494
NUP205_GATCCTTCCGAAGGTGTTCG	NUP205	5331	5361	4742	3422	3094	2405	5476	5604	3722	5370	4296	4495
PSMB2_TCAGGAAGGCACCATAGCCG	PSMB2	3640	3608	3299	2006	1756	1712	3956	3849	2370	864	917	899
RPS13_CAACACCATGTGAATCTCTC	RPS13	3002	2909	3019	1604	1340	1469	3229	3871	2637	2273	2076	2003
PSMC1_GCAAGATGGTGAGTGACTAA	PSMC1	4154	4046	4131	2334	2483	1982	4698	4645	3130	3107	3497	3733
COPS8_GCCGGCCGCGAAGATGCCAG	COPS8	5151	5080	4777	2969	2887	2803	5411	5665	3759	3089	2878	3155
NUP205_CAAAGGCGTCGCCATCTTAG	NUP205	8422	8333	7488	5279	5256	4874	8546	9561	5988	8625	9406	7983
POLR2F_GGAGGATCTCGACATTCTCC	POLR2F	5855	6094	5842	3812	3855	3107	6199	6966	4363	7795	7006	7759
NUP133_TACCCGGGGTCCGCGGAGAA	NUP133	2350	2432	2107	1103	1215	927	2465	2405	1599	1584	1467	1638
NUP98_CCATCTGCAAGGGCGTAGTC	NUP98	3786	3833	3545	2187	2247	1778	3861	3702	2503	3693	3690	4122
PSMB3_CTCACCGTTTCTCATACAAG	PSMB3	2773	2768	2548	1336	1504	1250	3119	3364	2116	2163	2974	3160
RPL27_TCCTTGCTCTCTGCAGAAAT	RPL27	5036	4835	4539	2660	3027	2806	5874	5411	3105	5095	3757	3898
RPL5_CCATCCTGCGGAACAGAGAC	RPL5	4659	4666	4546	2723	2851	2555	5228	5087	3629	6626	6378	7410
RPL18A_GGCCTCGGGCACGGTAAGGC	RPL18A	4191	4356	4008	2563	2520	2123	4430	4162	2890	2365	2297	2290
NUP98_TGTCGTAGTATTAAATCCAG	NUP98	2857	3039	3175	1631	1685	1462	3313	3136	1996	1920	2154	2068
PSMB3_CCGTTTCTCATACAAGAGGT	PSMB3	4759	4870	4290	3174	2558	2510	5273	4691	3414	4994	6141	6096
NUP98_TTTGGGTTTGGTACGTCAAC	NUP98	4669	4730	4407	3067	2831	2306	4982	4935	3207	3995	4047	3936
COPS6_CTTATGGACGTGGATGTCCG	COPS6	4639	4399	4187	2985	2548	2279	5018	5085	3296	6495	6067	5771
PSMD6_CTCCAGCGGCATCGCGGCGA	PSMD6	2302	2441	2234	1187	1105	1145	2480	2792	1582	2014	1848	1772
NUP98_CCTTCAGGAACTTCGTTTAG	NUP98	8615	8482	8043	5935	5785	4998	9257	9516	5858	13047	12945	13072
PSMC4_ATCGGCATCGATCCCCCCCG	PSMC4	4311	3980	3678	2506	2289	2154	4497	3972	2710	3395	3087	4140
RPS7_TAGGAAATTGAAGTTGGTGG	RPS7	2859	2537	2674	1469	1444	1317	2690	2763	1747	2120	2321	2158
PSMB2_TAACTTCACACGCCGAAACC	PSMB2	772	800	689	227	174	193	742	958	607	279	158	292
POLR2A_TGGAAGGCTTAAGCGTAGCC	POLR2A	1094	1107	1140	446	398	363	1198	1351	755	887	637	741
PSMC4_GCGAATCCAAAGCATCCCGC	PSMC4	1848	1992	2048	1033	1036	758	1956	2153	1479	1415	1403	1207
COPS2_GGAATTCTATGAAACAACAC	COPS2	637	568	634	167	133	96	680	815	476	39	195	130
PSMC1_CTCCAGGGTCAAAGTCAGAG	PSMC1	4898	5037	4248	2782	2997	2852	5110	4928	3477	5625	4675	4420
RPL3_TAAGGCCGACCGGCCTCTAC	RPL3	3133	2955	2735	1683	1733	1541	3394	3123	2239	2652	2454	2669
RPS11_TCGGCCCCCGCTCCTAGGCG	RPS11	3930	3981	3655	2355	2342	2219	4020	3861	2752	4431	5194	3928
PSMB2_TGGCTGACTGTCTTCGGAGT	PSMB2	7041	6785	6616	4806	4415	4362	6946	7506	4236	3985	3966	4316
RPS24_GCCATCATGGTGAGTCTCCC	RPS24	9756	9846	9177	6957	6896	6198	10302	10393	6919	11726	10236	10922
PSMD11_GTCGATGGAGGCCTCCCGGT	PSMD11	2425	2259	2114	1377	1133	1115	2903	2451	1895	1715	1865	1707
COPZ1_ATGACCTACTGTCAGTCCGA	COPZ1	2473	2461	2325	1442	1395	1130	2358	2681	1529	2024	1677	1802
PSMC4_GGGTCGAATGTACCTTGTAG	PSMC4	3442	3531	3183	2190	2044	1782	3224	3529	2281	3096	3481	3137
PSMD6_TCCAGCGGCATCGCGGCGAA	PSMD6	2135	2152	2018	1153	1130	1062	2290	2412	1647	2087	1663	2046
PSMD1_GCGAGCCGACGGGCGAGTGA	PSMD1	3016	3294	2746	1719	1894	1655	3119	3591	2351	3173	3183	3010
COPA_CCGTTTGGGTCGCTCGAAAT	COPA	4834	4706	4304	2735	3062	2985	4917	5237	3082	3762	4607	4196
RPL3_GCCGACCGGCCTCTACCGGC	RPL3	4591	4787	4043	3133	2903	2467	4775	4448	3107	3591	4385	3374
RPS24_CTGAAGATAGATCGCCATCA	RPS24	5667	5635	5485	3800	3697	3549	6067	6054	3992	5755	5614	5357
COPS8_CTCCCACAATAGATGCAACA	COPS8	2304	2390	2304	1436	1434	1044	3226	3202	1899	1749	2555	1578
RPS24_CCATCATGGTGAGTCTCCCT	RPS24	8160	7636	7458	5631	5341	5063	8140	8324	5245	8830	9072	8767
LYZL6_CGCCTTTGTCATCCTTGGAG	LYZL6	6464	6379	6287	4592	4201	4122	6265	6855	4513	5545	4357	4984
PSMD1_TTTCCTTAGATCGTTAGACA	PSMD1	2287	2390	2410	1360	1343	1283	2757	3062	1705	1172	1322	1085
COPS8_TGGCTGTCCGGACGGTGCAG	COPS8	7712	7810	7493	5520	5794	4693	8431	9037	5632	7695	9307	7458
RPL3_GGCCGACCGGCCTCTACCGG	RPL3	3972	4185	3740	2746	2525	2259	4447	4225	2839	3161	3630	3506
NUP98_GGGCAGACCAATACTGGATT	NUP98	7273	6997	6648	5393	4925	4141	7273	8081	4964	7574	7140	6878
COPZ1_GTTGAAAATGTTCTTCTCAA	COPZ1	3644	3559	3417	2229	2370	2003	4146	4393	2778	3652	4011	3720
RPS24_GATCTATCTTCAGACAGCCA	RPS24	5570	5463	5419	3451	4157	3418	5968	6831	4061	6392	5466	5679
RPL9_TTCTGAAACACAAACACTGG	RPL9	1415	1332	1342	716	632	673	1670	1646	1026	776	885	746
RPL3_CCATCAAATCCCGCCGGTAG	RPL3	2589	2512	2663	1774	1489	1346	2847	2785	2010	1785	2020	2134
RPL27_GTCCGGAGTAGCGTCCAGCC	RPL27	1982	1955	1989	1232	1185	905	2291	2161	1484	2619	2549	2362
RPL3_CGTGATGGTATGTGTTGTAA	RPL3	7981	7780	7785	5673	5817	5179	8672	8889	5714	7350	6955	6526
RPL34_TGTTACTCTATTCTTAATTT	RPL34	3430	3473	3091	2362	2045	1932	3744	4117	2356	2927	2742	3382
NUP98_GGGAACAACCAACCTAAGAT	NUP98	2254	2290	2261	1381	1186	1451	2799	2852	1853	1893	1794	1266
COPS8_TGCAGGCAAATTCTGAACTT	COPS8	4688	4848	4460	3464	3129	2813	4913	5026	3531	4353	4593	3979
RPS3A_TTTGTAGAAATTGCATCTGA	RPS3A	1620	1689	1628	965	821	944	1958	2106	1263	1794	1741	2045
PSMC2_CAGCTACTTACATGAAGTAA	PSMC2	1482	1615	1449	850	833	805	1777	1903	1111	1461	1577	1490
RPS27_CTGTCCCTCTTAGCTCGCAA	RPS27	3704	3863	3546	2437	2644	2276	4021	3982	2573	3724	3784	4650
PSMD7_ATGACAAAGACGATTCTGTA	PSMD7	6097	5875	5828	4498	4204	3857	6964	7304	3932	5244	5259	5134
RPS9_GCACCTTCGAACAGACGCCG	RPS9	955	1038	997	693	439	443	1048	1205	738	1212	1156	859
RPL11_TCACCGCCATGATGGAGAGC	RPL11	3110	3177	3008	2065	2287	1845	3204	3726	2502	3305	3987	2877
RPS8_AGTGTCGCTCTGCATTGAGG	RPS8	4671	4990	5005	3710	3547	3137	5456	5946	3636	4110	4591	3928
NUP133_TGCTCTTCTCGCCGGTCGGC	NUP133	4025	3839	3387	2857	2584	2491	4041	4215	2547	4677	4438	4876
RPL5_AGGATGGTGAGTGGATGCCT	RPL5	4731	4701	4218	3614	3367	2952	4493	4922	3093	4790	4913	5442
POLR2D_GCTTCCGGCGGCGCTGGTGG	POLR2D	4876	4688	4320	3466	3729	2980	4990	5312	3744	5834	5879	5219
RPS27_GCCTGTGAGTGCTTTGGTCC	RPS27	7332	7197	7264	5715	5864	5055	7563	8186	4912	7352	6728	6753
NUP98_TAATACTACGACAGCCACTT	NUP98	4700	4725	4027	3310	3460	3109	5177	5300	3250	5908	5242	5041
COPZ1_TCCACGTCGGCACCAGCTGC	COPZ1	4302	4273	3967	3348	3203	2699	4640	5501	3171	4495	5068	4762
NUP54_GAAGGCCATGTCGCGAAAGC	NUP54	2300	2322	2090	1611	1629	1385	2522	2741	1680	2499	2340	2166
RPS24_TACGCGGCAGATGACTGCAC	RPS24	3735	3847	3437	2697	3177	2334	4212	4463	2663	4752	4530	3695
RPS11_CGGACATTCAGGTGCGGACT	RPS11	3446	3420	3238	2691	2523	2322	3523	3491	2373	4099	3105	3428
PSMD1_TGCGCCCCTCACTCGCCCGT	PSMD1	6157	6401	5884	4918	5055	4419	6539	6836	4134	7635	6741	7563
PSMD7_GGAAACCAGAAGCGTGTTGT	PSMD7	2089	2199	1826	1538	1418	1420	2271	2113	1375	989	1012	515
COPZ1_CCCCGCAGCTGGTGCCGACG	COPZ1	2973	2887	2718	2246	2098	2018	3326	3610	2089	2753	2841	2679
NUP54_GTTGTTGAGCGTTCGCCAAA	NUP54	2549	2348	2327	1570	2030	1706	2569	2639	1802	3909	3633	4081
COPS6_CGGCGGCTGCAGCTACGAAC	COPS6	1886	2016	1598	1518	1407	1030	2304	2143	1406	2249	1452	1784
COPS8_AAAGGGTTACCTCGAGCTCC	COPS8	5153	5747	5109	4030	4370	4066	5575	5427	3972	6592	6575	7003
NUP205_AGTCGCCATTCAGGGTCAAC	NUP205	4401	4485	3938	3682	3433	2793	4609	4189	3085	4737	4155	4937
PSMC1_AGTCACTCACCATCTTGCCT	PSMC1	5983	5604	5316	4924	4283	4163	6151	6332	4004	5703	6553	5998
NUP54_CGTCGCAGGAGTAACCTACT	NUP54	5289	5199	4842	4486	3827	3774	5200	5829	4046	5413	5148	5386
RPL36_CATGGCTGCGGACAGCGACG	RPL36	4092	4629	4036	3511	3650	2831	4608	4489	3295	5359	4259	3779
POLA1_TGGCGCGGAATCGGGAGATT	POLA1	3623	3620	3332	2760	2963	2474	3677	3870	2541	5099	6065	4530
COPS8_TTGCAGGCAAATTCTGAACT	COPS8	2598	2707	2461	2357	1902	1685	2726	2861	1890	3071	3132	3325
NUP205_CTCTAAGATGGCGACGCCTT	NUP205	7093	6740	6273	5771	5699	4747	7692	7433	5030	9008	7888	8277
POLR2F_CGACTTTGATGATGTGGAGG	POLR2F	6445	6738	6185	5546	5289	4747	6906	7285	4289	7834	7424	8358
RPS11_GACATTCAGGTGCGGACTCG	RPS11	4556	4423	4390	3850	3823	2950	4744	5247	3406	5564	5874	5026
COPZ1_CTCCACGTCGGCACCAGCTG	COPZ1	4828	4911	4538	3784	4127	3508	5246	5657	3314	5340	5763	5485
CRYGB_GACAGAGCCACACTCACCGG	CRYGB	4031	3572	3393	3021	3042	2629	3921	4110	2444	3609	3879	3381
LYZL6_AGCGCCTTTGTCATCCTTGG	LYZL6	7378	7657	7265	6551	6114	5625	7398	7954	5308	6922	6262	6836
RPS7_CTTTCTCCTGGGAGAACTGA	RPS7	3491	3422	3446	3043	2955	2262	3868	4027	2411	3746	4298	4364
RPS8_ACTCACCCATCGCTCGGCGC	RPS8	5073	4836	4726	4252	3983	3602	5546	5478	3780	5438	4914	5283
PSMB3_TGGAATTGCTCTGGCGATCG	PSMB3	5874	5582	5613	5042	5226	3799	5852	5906	3863	5149	4817	5503
RPL3_GATGGTATGTGTTGTAATGG	RPL3	6126	6136	5900	4740	4969	5161	6458	6450	4582	7674	6664	6601
MRGPRD_GTCTGGTTCATCCCTACGAG	MRGPRD	4223	4334	4153	3558	3360	3375	4475	4390	2779	3807	4140	3870
IL1F10_TACATGTAGTATCTTGCCAT	IL1F10	3537	3718	3463	2958	3048	2629	3549	3736	2437	3979	4196	3564
PSMB2_CTGGCTATGATGAGCATGAA	PSMB2	4064	4109	3855	3294	3680	2810	4571	4605	2684	4123	4356	3565
POLA1_TGGGCTGGTTGGCGCGGAAT	POLA1	5386	4988	4812	4486	4092	3875	5633	6003	3901	6531	7309	6112
POLR2F_CAGCGGGGTCGCTGAGGCGA	POLR2F	2885	2775	2737	2729	2139	1923	2978	3366	1959	3268	3004	3587
MRGPRD_TTGGTACATCTTCCTCTCGT	MRGPRD	3626	3226	3409	2819	3021	2471	3816	3731	2420	3069	2877	2363
OTUD6A_GGCCGGCTTCAAGCGCGAGG	OTUD6A	2236	2093	2039	1745	1570	1740	2255	2246	1596	3310	2492	2223
RPL9_ATTCTGAAACACAAACACTG	RPL9	857	1009	909	697	603	804	1032	1447	784	714	741	780
COPS8_CAGGCAAATTCTGAACTTGG	COPS8	3614	3741	3881	3176	3122	2901	4344	4242	2848	4135	4207	3684
NUP98_TTTGGAAGTAAACCAGCACC	NUP98	4393	4333	3906	3335	3673	3379	4785	4784	2867	6114	5435	5869
RPS24_CAGATGACTGCACGGGCCCA	RPS24	4347	4212	4329	3768	3652	3230	4977	4461	2832	5838	5556	5406
RPS19_ACAGTAACTCCAGGCATCTG	RPS19	5231	5605	5146	4505	4382	4384	6025	5777	3585	5947	6418	5617
RPL9_CATTCTGAAACACAAACACT	RPL9	1360	1490	1236	1152	1128	935	1722	1632	1188	1289	1154	967
IL1F10_AAGGCTCTATACACAAGAGA	IL1F10	2268	2190	2095	1949	1794	1555	2678	2646	1813	1922	2589	2096
KRT25_CTCATCGGGAGGAAACACAG	KRT25	2834	2680	2644	2189	2087	2401	3366	3351	2314	2927	2497	2505
PIWIL3_GAGTGATATCTCGTCCTCAG	PIWIL3	4970	5023	4908	4669	4005	3849	5926	5544	3440	4527	4957	5261
TPH2_CTAACTCAGAGATCTTCCGA	TPH2	2056	2032	1724	1728	1678	1323	2423	2293	1540	1958	1487	2049
RPS8_GTGAGTGTCGCTCTGCATTG	RPS8	7982	7616	7401	6982	6571	6109	8409	8955	5470	9779	8530	8148
RPL30_CCGCTCCTAAGGCAGGAAGA	RPL30	3687	3812	3592	3287	3091	2951	4237	4217	2874	4193	4133	4599
RNASE9_ATGTTTACTACAAACACCGT	RNASE9	3381	3269	3140	2628	2770	2803	3690	3828	2234	3924	3399	3000
NPSR1_TTCCCAAATATGATCAGGGT	NPSR1	3776	3681	3473	3055	3502	2680	3735	4117	2521	4268	3875	4117
PSMA3_GAATCCCTACGCGTCCCTTT	PSMA3	7084	7408	6615	6442	6251	5392	7517	7549	5034	7491	6582	6498
PSMD1_GGAACGGCGAGCGAGCCGAC	PSMD1	1702	1767	1620	1554	1536	1147	1704	2289	1163	2046	2215	2148
DMRTB1_TTGCCCGCGTGTCCCTTGAC	DMRTB1	7698	7979	7063	7313	6717	5584	8076	8385	5504	8227	7672	6940
RPL5_GTGAGTGGATGCCTCGGTCT	RPL5	6289	6291	6173	5247	5352	5451	6956	6771	4467	7437	8670	7815
POLR2D_TGGTGGCGCGCGGCGCGGCG	POLR2D	3056	2809	2901	2629	2531	2235	3473	3200	2217	3800	3694	3453
RPTN_CTCTTAGATCAAGACCGAGA	RPTN	1070	1119	1119	953	887	862	1307	1580	873	865	1070	934
COPS8_GTCCGGACGGTGCAGCGGCG	COPS8	5899	6143	5419	5097	5411	4468	5615	6242	3947	6617	6981	6649
HTR3D_CACCAGAAAGTTTACCACGT	HTR3D	4134	4574	4320	3736	3616	3750	4655	4397	2859	5056	5886	6084
MRGPRD_TGGTACATCTTCCTCTCGTA	MRGPRD	4506	4235	4224	3730	3891	3452	4595	5110	2932	4625	3783	4019
RPL30_TGGGGGCCGTCCCGCTCCTA	RPL30	5898	5801	5587	5192	5184	4486	6331	6373	4091	7650	7080	8187
LYZL6_CCAAGTCACAGCGACTGATG	LYZL6	7538	7461	7074	6801	6864	5451	8462	8146	5598	7812	6472	6359
RPL27_TCTGCAGAGAGCAAGGAGAA	RPL27	3865	3509	3393	3084	3221	2854	3856	3699	2657	3881	3654	3057
DMRTC2_AGCTAAAGAAGCACCTGATG	DMRTC2	3484	3363	2953	2905	2930	2520	3664	3651	2192	4161	3318	2917
KRT25_GATCACTCAGACTCTATGGT	KRT25	6157	5873	6009	5703	5173	4736	6740	6877	4178	5297	5904	5730
OLIG2_CGTACGGCATGACCTCGCGG	OLIG2	4120	4136	3909	3851	3562	3109	4234	4274	2842	6107	5368	5460
IL1F10_ATCTGCATACTTCCTAACAG	IL1F10	2030	2042	1781	1789	1696	1504	2363	2401	1454	2523	1985	2249
IL22_CACCAACCGCACCTTCATGC	IL22	1118	1223	1210	1195	947	892	1327	1501	898	1217	1256	1148
COPS2_ATGTCAGATGGATTTACTGC	COPS2	5706	5931	5133	5312	5025	4298	6255	6281	4151	6947	6061	6066
HTR3D_CCAGAAAGTTTACCACGTAG	HTR3D	3906	3758	3937	3743	3236	3140	4040	4441	2608	5055	5070	4767
NUP54_ACAACAACGGGAACTAGTAC	NUP54	3500	3287	3078	3101	2792	2677	3739	3757	2784	3674	4315	3258
LYZL6_GCGCCTTTGTCATCCTTGGA	LYZL6	5637	5574	5195	4945	4946	4467	5508	5918	3591	5780	6497	5490
IL1F10_CACAAGAGATGGCCAGCTGC	IL1F10	4564	4722	4460	4049	4436	3565	4845	4820	2973	4662	5441	5025
NUP93_CGTGTTGTTGACACCGGCAA	NUP93	4481	4609	4263	4327	3595	3769	4778	4839	3373	5024	5049	4916
KRT25_GGATCACTCAGACTCTATGG	KRT25	3986	4148	3694	3276	4013	3108	4145	4829	2749	4257	3118	3217
RPS11_GGCCGCCTGAAAAAAAGAAA	RPS11	951	977	1004	830	819	881	1239	1320	810	1079	1329	1156
OR9Q2_TCATAACCGAGAAGGCCCGC	OR9Q2	1344	1405	1305	1225	993	1330	1514	1228	959	1092	1218	1113
RXFP2_ATTTCACAGCGCTTGTTTAC	RXFP2	5022	5411	5333	4805	4528	4535	5999	5865	3879	6906	6919	5703
LUZP4_AGCATACTTTACCTCTCCGA	LUZP4	1375	1488	1272	1467	1066	1103	1623	1605	1123	1623	1904	1645
KRT74_GTTCAGTTGCCGACTCATGG	KRT74	5332	4978	4773	4767	4360	4166	5135	5252	3554	5413	5235	5043
POLA1_GGCGCGGAATCGGGAGATTC	POLA1	3231	3471	2966	2973	2852	2662	3326	3217	2399	5304	5142	4020
OC90_ATATCATTACTCACCGGCAT	OC90	240	238	196	166	257	161	1440	1534	1051	1599	2032	1892
NPHS2_GCTGAATCCGTACCTTCCTC	NPHS2	2767	2732	2520	2863	2357	1913	2632	3001	1933	2976	3463	2913
IL1F10_GACCAGACACCACTGATTGC	IL1F10	6670	7036	6043	6054	5981	5408	7284	7255	4744	6731	6502	7673
COPS2_TGTCAGACATCTTGGCCGGG	COPS2	5530	5391	4917	5108	4643	4303	5310	5536	3800	5834	5922	5399
NPHS2_AGAGTAATTATATTCCGACT	NPHS2	5736	5237	4865	5260	4683	4168	5549	5613	3798	4893	6008	5156
MRGPRD_ATAGTTTAGGGCTGACTCCA	MRGPRD	3230	3257	3269	3208	3331	2256	3605	3646	2184	3706	4078	3248
OC90_GCACCGCAGGTGCTATGAGG	OC90	5638	5248	5023	5119	4651	4424	5352	5509	3884	7829	7521	7003
NUP93_CACACTCACTTGCCGCGCAT	NUP93	3525	3461	3252	3159	3284	2722	4117	3947	2685	3713	4311	3932
FCRL4_TGGTATCATCGGCACTACTG	FCRL4	4886	5215	4852	4983	4783	3710	5286	5536	3497	4523	5318	5253
IL1F10_CATACTTCCTAACAGAGGCT	IL1F10	2803	2558	2643	2310	2332	2522	2739	3108	1910	4742	4446	4023
PSMB3_ATCCTAGTACACCGCAATCA	PSMB3	4608	4566	4263	4243	4003	3810	4625	4945	3260	4945	4627	4219
PIWIL3_TCACCTATATAGACTACTAC	PIWIL3	1538	1722	1432	1593	1391	1251	2106	2143	1252	1473	1910	1621
KRT74_TTCAGTTGCCGACTCATGGT	KRT74	5778	5459	5065	5013	4985	4623	6349	6103	3921	5184	6097	5776
RPL30_CGCAAAGAAGACGGTGAGTG	RPL30	4940	5254	4933	4625	5081	3947	5207	5868	3581	6094	7459	6215
OTUD6A_TGCGCCGCCACCAACGCGAG	OTUD6A	4356	4196	3725	3941	3811	3296	4146	4738	2698	4626	6489	4591
COPS6_TGCATACCTGCTTATGGACG	COPS6	6339	6220	5857	5901	5863	4837	6039	6206	4162	11357	9062	8736
OR9Q2_GCTGGCACACGGCCGTGTAG	OR9Q2	4477	4137	4032	4060	3846	3481	4777	4672	2924	5344	5099	5323
DMRTC2_AAAGGGAACCACTCAGCCAC	DMRTC2	4517	4339	3973	4416	3744	3461	4577	5267	2962	5459	5139	4535
LHX5_CGAGTGCAAAACCAACCTCT	LHX5	2145	2122	2063	2258	1811	1708	2213	2526	1510	2201	2391	2029
FAM71B_TGCGTTCAAAACCTCCATGG	FAM71B	5777	6048	5732	5229	5547	5057	6583	6349	4319	7607	5779	5425
LYZL6_CCTCATCAGTCGCTGTGACT	LYZL6	4050	4349	4153	4156	3708	3493	4529	4401	2606	5059	4988	3888
DMRTB1_AGGTGGTGGTTGTGTTACGA	DMRTB1	4492	4720	4068	4473	3849	3705	4547	4422	2900	4841	4581	4570
LYZL6_CTCCCCTCCAAGGATGACAA	LYZL6	3674	3687	3645	3372	3338	3273	4001	3684	2590	3269	3132	3798
HTR3D_ATACTAGCCATGAGACCTGC	HTR3D	4838	4897	4963	4607	4733	4008	5593	5664	3720	6954	7129	6233
CYP7A1_GGCACGAGAACCTCCAAAAG	CYP7A1	3683	3411	3369	3072	3427	3012	3784	3525	2576	4685	3833	2809
DMRTB1_GTCTCCGGAGGGAGTCCCCG	DMRTB1	3618	3405	3368	3429	3065	2961	4157	4584	2587	5404	5488	4310
IL1F10_GTAGTATCTTGCCATGGGGA	IL1F10	4326	4784	4255	4168	4106	3855	4747	4799	3173	5518	5000	4252
OC90_GGATCGAGCCAAGCACTCTA	OC90	1943	2152	2016	1709	2073	1823	2350	2469	1556	2318	2211	2691
OC90_GGATCATCAGCACACTGGTG	OC90	3701	4012	3471	3409	3461	3312	4066	4651	2662	4433	5099	4954
OR9Q2_GGCTGTGACCGTTCGAACAA	OR9Q2	1434	1375	1199	1137	1521	1073	1518	1343	889	1480	1714	1793
RPS24_GGGCTTGGAGTGCAAGCATT	RPS24	4936	5118	4803	4989	4550	4076	5622	5363	3299	6480	5489	5415
MRGPRD_AAGAGGTCAACCCGTTCATC	MRGPRD	6172	6120	5412	5568	5799	4820	6445	6919	4146	7144	7289	6447
SAGE1_TCTGTCATATTAATACGCCG	SAGE1	2212	2450	2062	2147	2012	2052	2892	2518	1784	3241	2848	2772
RNASE9_GCAGCTGGTGCAGTTTCAAG	RNASE9	2590	2593	2522	2816	2577	1842	2657	2770	1770	2654	2291	2109
SPATA16_ACGAAGATGATTCCGGAAAT	SPATA16	4532	4686	4610	3791	4893	4097	4528	4718	3148	5615	7193	5485
FCRL4_TCCAGATTCCCGAACCTCGA	FCRL4	1066	1088	1031	920	1144	962	1512	1384	859	916	1291	960
TAAR8_CGCCGTGTACAGAATTACCC	TAAR8	2259	2072	2143	2026	2098	1913	2480	3177	1782	2517	2395	2272
SPATA16_AGCGCACCCACCTAACATCC	SPATA16	2618	2670	2556	2408	2488	2398	3226	3344	2072	3733	3818	3650
RPTN_TCACACTGAGTATGCTATTC	RPTN	7761	7736	7476	7245	7231	6614	8265	8933	5439	9706	8634	9046
COPZ1_CGACACCTACCCCAGTGTCA	COPZ1	3679	3813	3608	3664	3365	3268	4214	4302	2759	5897	4739	4658
DMRTB1_GAAGATCATGGCCGCGCAGA	DMRTB1	5637	5502	5349	5618	5002	4658	5928	6037	3975	7441	7574	7239
DMRTC2_TGAGATGGGCGGTGACACCA	DMRTC2	3423	3484	2956	3257	3051	2896	3517	3729	2346	3975	4711	3532
RPS24_GGGGCTTGGAGTGCAAGCAT	RPS24	7110	6586	6615	6855	6703	5313	6913	7778	4600	8313	9680	7980
OR9Q2_GCCGACGATCGCCACGGATC	OR9Q2	2729	2848	2489	2699	2883	2060	3046	2965	1925	3551	4458	3671
DMRTC2_GGTTCCATGGATCTAGGGGC	DMRTC2	5792	5265	5089	5350	5039	4592	6170	5661	3704	6999	6641	6086
COPS8_GGACGGTGCAGCGGCGAGGC	COPS8	2573	2471	2182	2205	2154	2446	2581	2583	1777	3008	2947	2735
OC90_GTGCTGATGATCCCCCATGC	OC90	3288	3315	3447	3160	3231	3020	4061	3542	2484	4008	3774	4260
LYZL6_GTCACAGCGACTGATGAGGC	LYZL6	3453	3517	3281	3245	3409	2959	3370	3836	2325	3244	3429	3515
PSMA3_CTAAACCCAAAGGGACGCGT	PSMA3	1854	1801	1726	1550	1900	1689	2194	2386	1498	1943	2025	1952
MRGPRD_GATGTACTTTGCCTACACAG	MRGPRD	2945	2756	2635	2744	2601	2508	3006	3291	2288	3390	2680	2714
RPL35A_TTAGAAGTCCCGTTCCCAGC	RPL35A	4272	4189	3601	3720	3841	3689	3739	4428	2754	4740	5131	4622
COPS2_TCCATGTCAGACATCTTGGC	COPS2	3781	3421	3149	3661	3063	3018	4055	4238	2444	3521	3190	3582
PSMD1_TGGAACGGCGAGCGAGCCGA	PSMD1	2251	2116	1976	1996	2039	1993	2437	2386	1534	2769	2397	3093
CABP5_GAGTTCGATAAGGACCGAGA	CABP5	3182	2940	2949	3302	2810	2496	3469	3779	2263	3966	3414	3334
COPS8_GCCACTGGCATCTTCGCGGC	COPS8	5790	5869	5216	5732	5571	4490	6162	6276	3965	8550	8199	8243
IL1F10_AATTAAATATGCAGACCAGA	IL1F10	1039	1118	1025	1100	1104	909	1179	1190	871	1301	1740	1036
PIWIL3_GCCATTCAGTTATACCGTCA	PIWIL3	4455	4602	4640	4698	4196	3974	5015	5273	3404	5583	4359	5073
ADH7_TACATTTACCGAGTACACAG	ADH7	1283	1199	1264	1315	1138	1191	1520	1678	1132	1613	1297	1196
TGM6_ACCGCAAACACAGCAACCGG	TGM6	2233	2122	2287	2018	2224	2108	2368	2571	1588	2308	2399	2663
RNASE9_TGTTTACTACAAACACCGTT	RNASE9	3253	3301	3311	3623	3009	2763	3794	3883	2652	3539	4282	4092
LYZL6_CAGCTTTCTTGCCCTAAATC	LYZL6	3785	3668	3576	3905	3604	2967	3956	4186	2552	3473	3698	3708
TPH2_AGGATTCAGCGTCACAATAG	TPH2	2835	2654	2590	2635	2584	2465	3140	3291	1962	3070	2570	2968
TRIM42_AGTGCGAGCGGTCGCACACT	TRIM42	3635	3334	3073	3248	3251	2991	3687	3645	2323	5928	5114	4648
PSMA3_TAAACCCAAAGGGACGCGTA	PSMA3	3863	3956	3568	3794	3747	3227	4174	4261	2723	4032	3778	4210
DMRTC2_GGGTCTCTGGTCTCATCCCA	DMRTC2	4948	4673	4597	4663	4539	4166	4831	4844	3203	5738	4686	4756
KRT9_CAGGATTGGTACGACAAGAA	KRT9	3622	3504	3456	3600	3468	2984	3520	3600	2392	4096	4266	3543
ADH7_AACAGCAGCGCCATATCCAG	ADH7	3967	3675	3734	3682	3562	3516	4361	4126	2672	4701	4582	4242
TAS2R13_ACTTCAAATAGAGAAAAGCA	TAS2R13	1843	1820	1595	1868	1621	1605	1907	1987	1459	1954	2227	1785
HTR3D_CCCCTACGTGGTAAACTTTC	HTR3D	1609	1351	1666	1419	1501	1575	1948	1865	1137	2197	2882	3569
SPATA16_GATGATTCCGGAAATAGGCT	SPATA16	4030	4062	3954	4122	3935	3397	4339	4456	2913	5663	5350	6226
RPL9_AAACACAAACACTGGGGGTG	RPL9	3695	3703	3296	3377	3656	3140	3863	4196	2643	4605	5142	4840
KRT74_GGGCAACTTCAGTGTGCATT	KRT74	2638	2509	2503	2651	2528	2190	2885	2854	1748	3939	3461	3272
CABP5_TCAATCAGTTCCATCTCCGT	CABP5	4613	4699	4279	4401	4418	4036	5239	5554	3359	5483	5444	5138
RXFP2_AAGACTTACATCAGCTAACT	RXFP2	1820	1676	1629	1647	1801	1550	2187	2146	1150	3027	2100	1716
SPATA16_TTACCTGTTATCTACGGATG	SPATA16	4115	3890	3361	3673	3808	3312	4157	4459	2643	6631	5141	5677
KRT9_CCTTCTTGTCGTACCAATCC	KRT9	5477	5259	5110	5168	5332	4489	5544	5849	4090	5638	5506	5154
CRYGB_CTGCTCACTTCCTTCAAAAT	CRYGB	5095	5274	4605	4826	4686	4665	5916	5946	4190	6784	5977	7453
RPS7_TTCTTAGGCTCTTCTGGAGC	RPS7	3083	3209	2709	2892	3003	2745	3176	3308	2085	3209	3337	3159
RPL9_TCATTCTGAAACACAAACAC	RPL9	1044	1058	999	1183	936	1003	1103	1629	928	1277	1595	1461
IL22_TGTAGCTTACACTGACTCCG	IL22	5555	6070	5249	5506	5488	5001	6047	6530	3956	6235	6144	6189
OTUD6A_CCTCCATGCGGGCCACGTCT	OTUD6A	5406	5327	4929	5005	5517	4420	5356	5865	3609	6848	7235	7407
ADH7_CCTACTCGCTCCTAATGCAA	ADH7	2211	2072	1921	2325	2075	1716	2458	3133	1546	2431	2527	2462
KRT9_GGCCGATTCAGCTCTTCTAG	KRT9	3825	3571	3211	3536	3589	3078	3945	4277	2494	4069	3471	3188
RNASE9_AACATACTCTCACAAGAACG	RNASE9	1979	1896	1868	1920	1896	1828	2360	2548	1526	2358	1891	2137
PIWIL3_CCCATGACGGTATAACTGAA	PIWIL3	1693	1651	1784	1751	1743	1573	1996	1872	1061	1911	2227	1952
DMRTC2_GGTGTCACCGCCCATCTCAA	DMRTC2	6139	5920	5557	5533	5776	5407	6282	6504	4172	7238	6434	6557
RPL30_TTCCTGCCTTAGGAGCGGGA	RPL30	3478	3284	3215	3464	3098	3095	3482	3809	2493	4277	4139	4324
PSMC2_GTGTAATCATTAAGGAGCGG	PSMC2	3896	3874	3937	3818	3808	3651	4565	5071	3019	5774	5135	5734
CYP7A1_CTGGAGGTCTCATGATACGT	CYP7A1	6459	6405	6003	6088	6158	5684	6830	7397	4238	7753	7151	6918
COPS2_CCATGTCAGACATCTTGGCC	COPS2	5575	5673	5267	5458	5056	5262	6127	6191	3932	6541	6567	6454
TRIM42_CGCCCGTGCAGGTAGTTCTC	TRIM42	5861	5825	5217	5954	5192	5014	6217	5858	4003	8030	8258	7335
NLRP5_GCGCCGGACCACGCCTCGAG	NLRP5	3103	2850	2702	2853	2858	2721	3441	3031	2078	3967	3871	3875
DMRTB1_GCGGCCTCCGCCCCAAAAGG	DMRTB1	4992	4821	4671	4898	4778	4262	5313	5112	3388	5954	6645	5428
MAGEB3_ATAGTAGCCCCCAAAATAAG	MAGEB3	2300	2170	2036	2297	2145	1997	2490	2256	1926	2804	2276	3022
OLIG2_CTCGTCGTCTACGTCGTCGG	OLIG2	3549	3113	3212	3107	3244	3254	3633	3437	2413	5090	4530	4253
FAM71B_GTACCCCAACACTTCTATCT	FAM71B	3793	3835	3487	3561	3883	3351	4365	3839	2739	5123	4543	3945
VN1R2_CAACCCTAGGAACTCCAGGT	VN1R2	3601	3727	3659	3762	3357	3560	4144	3897	2608	4277	4340	3679
ABCG8_TACGTGCGGGGGTTGTCGGG	ABCG8	4940	4757	4452	4886	4404	4346	5120	5035	3562	7132	6901	6922
RNASE9_GTACTGTAACCATGAAATCA	RNASE9	2963	2879	2845	2970	2765	2779	3187	3482	2198	3834	3898	5172
OR12D2_CCGTAGAGTAACAGATATCC	OR12D2	2804	2931	2674	2858	2947	2464	2611	3736	2052	3595	3772	3979
PSMD6_AGTAACGACTCGACAAACTA	PSMD6	2422	2394	2421	2590	2475	2106	2766	2842	1990	2234	2420	3015
POU4F2_ATGCAGAAATACGCACCGGT	POU4F2	2008	1977	1797	1921	2076	1774	2273	2226	1413	3126	2746	3411
MRGPRD_GGTTCAAGTGTCACCGGCCC	MRGPRD	3839	4039	3906	3875	4124	3458	4469	4187	2874	5727	4228	4854
TAS2R13_CGATAAACTCCTCATTATCT	TAS2R13	2766	2681	2799	2754	2733	2621	3549	3522	2268	3182	4239	3445
MAGEB3_GTGGTGGATAGTGCTCTCTG	MAGEB3	4546	4257	4438	4720	4383	3751	4910	5250	3173	4581	5354	4466
TGM6_GAGAAGCACATACGAGCCCA	TGM6	2568	2559	2582	2660	2847	2151	2698	2760	1870	3584	3359	3195
CABP5_CTCAATCAGTTCCATCTCCG	CABP5	4104	4146	4003	4531	3936	3513	4723	4835	3272	4805	4943	4996
LUZP4_TGTCCAGACTTGAATCCAGA	LUZP4	2151	2162	1988	2099	2097	2097	2468	2803	1894	3351	3491	3189
COPS8_AACCTGTTGCTCTTAGCTTT	COPS8	6705	6734	5866	6442	6282	5792	7407	6572	4607	7600	9060	9398
POU4F2_TGCAGAAATACGCACCGGTG	POU4F2	3157	3139	2862	3061	3311	2677	3018	3476	2362	3879	3456	3286
TPH2_ATACTCTCGGCAAGCATGAG	TPH2	5636	6111	5402	5971	5210	5367	6256	6233	4322	7802	6450	7549
TPH2_AGTAAATACTGGGCACGGAG	TPH2	2669	2628	2548	2627	2654	2516	2882	3019	2025	2586	2797	2507
IL22_TGCTCCTCCCTGTACCAAGA	IL22	3577	3353	3352	3399	3655	3084	3811	4558	2622	3914	4098	3989
RPL35A_CTGGGAACGGGACTTCTAAA	RPL35A	3820	3926	3596	4003	3929	3231	4096	4353	2815	4834	5428	4143
RPS24_ATACGCGGCAGATGACTGCA	RPS24	3186	3366	3321	3383	3291	3066	3370	3670	2550	4983	4519	3903
RPTN_TCGGTGTGAAAAACCAATTC	RPTN	4279	4132	3856	4350	4097	3578	4206	4365	2806	5191	4731	4427
TAS2R13_AAGAGTGAAGATACTCGGCA	TAS2R13	968	1101	850	1058	1089	912	1273	1168	807	1628	1144	879
RPL5_GAGTGGATGCCTCGGTCTCG	RPL5	5084	5292	4675	5366	4762	4516	5410	5638	3902	6403	6870	5779
ABCG8_TGGGCAACATGTACGTGCGG	ABCG8	4906	5013	4804	4999	5185	4198	4992	5369	3297	6310	6666	7063
DMRTB1_GGCCATGATCTTCTGGCGCT	DMRTB1	4403	4469	4045	4416	4319	3901	4906	4647	3077	5753	6092	5205
SPATA16_ACGCTTGCTATATCTTCAGC	SPATA16	3819	3778	3667	3738	3646	3686	3984	4202	2976	5441	5870	5661
KRT25_GTAAGTCATCTCCTCACTCA	KRT25	6396	6496	6509	6387	6410	5933	7055	6846	4293	6732	6942	5802
DEFB129_TATCACAGCACTAGAATTCT	DEFB129	3510	3544	3210	3689	3141	3319	3844	4065	2377	3983	4655	4633
CRYGB_ACCAGTACTTCCTGCGGCGT	CRYGB	4555	4626	4353	4571	4453	4205	4956	4942	3085	6622	6322	5944
DMRTC2_TGACACCATGGTTGCGGCAG	DMRTC2	8755	8594	7569	8462	7907	7486	9479	8929	5845	8261	9382	9344
OR12D2_CCTGGATATCTGTTACTCTA	OR12D2	2405	2674	2161	2469	2404	2371	3079	3289	1882	3422	2874	3730
RPL5_TGAGTGGATGCCTCGGTCTC	RPL5	6561	6279	5737	6061	6407	5526	7190	6969	4054	9762	8308	7740
RPL34_CTTAATTTAGGCACTCAGAA	RPL34	1844	1645	1803	1937	1785	1691	1956	2360	1247	2391	2158	2104
OC90_CCCCGCCAAACTTAGCACAG	OC90	2135	2074	2200	2343	2148	2020	2441	2225	1558	3322	3357	3530
CYP7A1_TACCATAAGGTGTTGTGCCA	CYP7A1	6509	6458	5614	6590	5685	5773	6929	7098	4275	8969	7882	8318
IL22_CGAGTTAGAATTGTCTGCAA	IL22	5692	5810	5504	5559	5659	5352	6080	6824	4269	6200	5655	6078
KRT9_GGCCCTCAAGAAGAATCATA	KRT9	2013	2162	2095	2019	2376	2013	2284	2205	1518	2346	2691	2232
DMRTB1_TGCGGCCTCCGCCCCAAAAG	DMRTB1	6571	6545	6143	6399	6400	5922	7177	7106	4692	9023	7823	8628
NPSR1_GCGATTCACTGGAGACTTCA	NPSR1	2767	2836	2772	2548	2948	2947	3577	3308	2134	4555	3128	3877
IL1F10_GCACAGCAGTTGTCTGCAAC	IL1F10	4367	4158	3996	4552	3960	3884	4280	4654	3016	6571	6338	7391
NLRP5_CCTCAGCAGACTGCGTATGA	NLRP5	4981	4837	4446	4982	4591	4493	4838	5937	3376	7824	5962	6369
ADH7_AATGCTTGTCGCAACCCAGA	ADH7	1801	1870	1710	1893	1962	1717	2205	1976	1214	2321	2344	2577
RPTN_CAACTCTTCCTTGCATAGTA	RPTN	4698	4540	4589	4790	5182	3811	5219	5745	3225	5829	5398	5673
RXFP2_CCATCACAGTGAAAAGCTCG	RXFP2	2857	2769	2913	3274	3218	2264	3083	3670	1993	3490	3953	3530
HTR3D_AGAGCGTTCACCTCTGTCCA	HTR3D	8855	9373	8355	8616	8906	8168	9671	9352	6074	15720	14610	13912
LHX5_GAGAAGTGCTTCTCGCGCGA	LHX5	2311	2298	2387	2416	2370	2379	2396	2583	1683	2750	2534	2194
KRT74_TGCAGCCTACGCAGTCAAGG	KRT74	6005	6449	5857	6311	6082	5566	6596	7027	4262	7408	6164	6333
KRT25_GTCGAAGAGACATGGTATCA	KRT25	4421	3902	3945	4333	3788	4110	4037	4788	3160	5235	4615	4621
FCRL4_GCGCACAGGGTTACTTCGTG	FCRL4	4303	4404	4169	4727	4571	3601	4472	4412	2847	5046	4884	4626
ABCG8_TGTACGTGCGGGGGTTGTCG	ABCG8	4437	4410	4021	4480	4229	4091	4661	4797	3196	6309	6051	5646
PSMC1_AGCGGCAGCTCAAGTGGCCA	PSMC1	3889	3819	3715	4084	3716	3645	3650	3610	2406	5759	5260	4853
OTUD6A_GATCCGGAGCTTAAAAAACT	OTUD6A	2766	2686	2480	2904	2757	2441	3147	2797	1921	4050	4183	3129
FCRL4_CGAACCTCGAGGGTGTTTCC	FCRL4	2381	2353	2165	2810	2222	2110	2575	2465	1578	2772	3129	3153
KRT25_TCATCGGGAGGAAACACAGG	KRT25	3682	3624	3517	3498	3957	3446	3902	4060	2644	3762	4813	4009
DMRTB1_CGTGGCGATGCCCAGCCTTG	DMRTB1	7317	7265	6715	7646	7136	6107	7756	8187	5031	9569	9234	9761
KRT77_ACGCGGACTGAGAACTAAAT	KRT77	3021	2775	2625	2931	2958	2688	3303	3256	2096	3380	3422	3134
OTUD6A_GCAGCTCCTGCCTCTCGCGT	OTUD6A	4583	4323	4385	4319	4980	4012	4955	5005	3279	4447	5317	5160
TPH2_ACTTCTTCGCCGAGATTTCC	TPH2	2901	3010	2816	3038	2895	2962	3246	3254	2104	4024	2677	3583
OLIG2_CACCTCGTCGTCTACGTCGT	OLIG2	5696	5881	5213	6129	5822	4731	6375	6748	3889	7492	6864	7709
KRT74_GATGTTCAGTTGCCGACTCA	KRT74	5116	5324	4729	5095	5345	4643	5853	5399	3930	5249	5508	5193
KRT9_TCGTCCTACTTGAGCCGCAG	KRT9	5404	5167	4577	5423	4898	4725	5668	6108	3394	5869	6260	7143
FCRL4_CATGGTATCATCGGCACTAC	FCRL4	7456	7199	6818	7222	7238	6587	7451	7788	4708	9965	10240	9707
PSMB2_TTCAGCTATCTCACGTGAGA	PSMB2	2660	2848	2554	2820	2909	2542	3245	3160	2024	3122	3280	3414
RNASE9_GCTGGTGCAGTTTCAAGAGG	RNASE9	3893	4013	3533	4117	3924	3492	4018	3803	2721	5045	5305	4359
RPS7_TTTCTTTAGGAAATTGAAGT	RPS7	1123	1076	1068	1247	1095	1219	1075	1240	803	2009	1855	1383
DMRTC2_AGACACTCACAGGGGACCTG	DMRTC2	5663	5940	5334	5817	5678	5284	6168	6343	4031	6550	7241	6248
SAGE1_CGTATTAATATGACAGACAC	SAGE1	2458	2400	2182	2665	2418	2222	3156	2740	1887	4113	3527	2824
NPHS2_TACCAAATCCTCCGGCTTAG	NPHS2	5425	5470	5046	5740	5023	5104	5890	5938	3504	6232	5885	5195
RPL27_CTGTCACTTTGCGGGGGTAG	RPL27	7097	6457	6240	6575	6963	5976	6933	7482	4500	8930	9366	8868
PIWIL3_TTGTAATAGCGTAGGCAATC	PIWIL3	3883	3952	3594	4112	3829	3618	3884	3999	2917	5799	5480	4024
ABCG8_CAGTGCGCTGACACCCGCGT	ABCG8	3964	3890	3555	4222	3903	3443	3988	4130	2744	5369	5755	4394
SAGE1_AGCTGACAAGACGTTATCAG	SAGE1	3964	4177	3797	4045	4243	3765	4148	4175	2696	5292	5790	5162
RPS7_CGTTGCTTCTTAGGCTCTTC	RPS7	6163	6381	5822	6443	6351	5428	6250	6063	3957	11543	9959	8008
TPH2_GCCAAGTAGCTGATGCTCTT	TPH2	5689	5472	5245	5580	5824	4974	5630	6516	4096	7514	8886	7491
PLA2G2E_GATGAAATCTCCCCACGTGC	PLA2G2E	2713	2785	2715	2967	2641	2898	2765	3253	2039	3068	2505	2670
CYP7A1_TTCCGTGGCACAACACCTTA	CYP7A1	5278	5153	5024	5075	5147	5245	5726	5975	3712	6540	6937	6866
FCRL4_ATGGTATCATCGGCACTACT	FCRL4	5527	5762	5604	5894	5730	5250	6932	5871	4244	7451	8146	7356
CYP7A1_AACACCTTATGGTATGACAA	CYP7A1	3506	3346	3468	3679	3614	3274	3840	3832	2637	4434	4309	4501
TAAR1_GCAAAAGGGCATCATTCCTG	TAAR1	3939	3989	3594	4195	4103	3452	4234	4325	2762	4989	5282	4697
RXFP2_TCCATGCACTGTGCCAAATA	RXFP2	5231	4879	4822	4859	5100	5036	6019	5379	3546	7677	7103	7376
LUZP4_GGACAAATCAGAAGAATCCC	LUZP4	2908	2739	2804	3162	2580	3045	2994	3019	2150	3953	3460	3903
OLIG2_TCATCGGGCTCTGGCGACGA	OLIG2	3231	3016	2849	3401	3083	2923	3277	3825	2321	4216	4140	3545
DMRTB1_GACACGCGGGCAAATGCCGC	DMRTB1	935	1008	874	1239	1172	808	1149	907	741	1242	1340	1210
LHX5_GGACAAACTGCGGTCCGTAC	LHX5	6503	6623	5919	6820	6737	5478	6822	7275	4800	8295	7901	7609
LUZP4_TAATCTATAAAGAGTTAGAA	LUZP4	1145	1205	1162	1083	1511	1318	1417	1382	901	1824	1775	1609
KRT9_TCCTACTTGAGCCGCAGCGG	KRT9	2817	2557	2647	2708	2751	2896	3201	2839	1853	3009	2600	2583
MRGPRD_CACAGTGCACACGGCCTACC	MRGPRD	6694	6684	6275	6724	6344	6482	7169	7695	4713	7730	7309	7122
MAGEB3_TGTGCGAGACTGCACAGTGG	MAGEB3	6055	5714	5454	6222	5799	5245	6241	6427	4077	7405	6928	7736
FCRL4_GGAGGATGGACGGAAATCAC	FCRL4	3533	3530	3393	3673	3919	3194	3542	4042	2454	4064	4196	3699
OC90_ATGGGGGATCATCAGCACAC	OC90	3620	3447	3330	3607	3950	3166	4168	4195	2690	4421	4715	5091
CYP7A1_GCACAGAAGCATTGACCCGA	CYP7A1	2382	2184	2022	2435	2689	1900	2269	2439	1623	3483	2646	2969
RNASE9_CACTGTCATCAGTGTCCTCC	RNASE9	4792	4864	5010	5603	4844	4443	5100	5520	3479	7067	6305	6904
PIWIL3_ACTGAGGACGAGATATCACT	PIWIL3	5214	5250	4833	5240	5339	4860	5369	5898	3413	7051	5890	5624
OR12D2_AGAGTAACAGATATCCAGGT	OR12D2	5532	5469	4978	5872	5326	4927	5620	6005	3994	7402	6809	6181
OR9Q2_TCCTGATCCGTGGCGATCGT	OR9Q2	2907	2799	2631	2972	3019	2718	3151	3018	2060	3982	4183	3789
PIWIL3_GTTCACGTTGTGTACCCGTT	PIWIL3	7333	7064	6882	7487	7417	6307	7684	8167	4843	9512	8811	9039
TAS2R9_CTGCTCTTTCCAGGTACATA	TAS2R9	7608	7979	7131	7829	8039	6707	8191	8491	5537	11192	10223	10343
KRT77_ACTACATCGGTGACCTGCGG	KRT77	4437	4248	3890	4314	4412	4109	4490	4338	3036	5016	4610	4463
RPTN_CTTATTGTGGACAGTCTGAG	RPTN	4618	4163	3973	5080	4136	3855	4713	4699	2811	5127	5023	5039
TAAR1_TTTCTGGAGCTAAACTTCAA	TAAR1	1691	1632	1541	1998	1560	1742	1726	1920	1354	2483	2540	2043
CYP7A1_AGAAGCATTGACCCGATGGA	CYP7A1	4279	4285	3988	4462	3976	4397	4324	4332	3108	5930	5358	5935
DEFB129_GGAAAAAGGAGCTTCATGGT	DEFB129	4761	4738	4583	5097	4581	4631	5019	4908	3352	7210	6338	6940
ADH7_GCCCTTGCATGTAAATCTGG	ADH7	3961	4082	3995	4192	4572	3624	4568	4750	2973	5485	4640	4761
DMRTC2_TGGTGTCACCGCCCATCTCA	DMRTC2	6796	6668	6830	7469	6791	6075	7150	8113	4725	9166	7939	7512
IL1F10_CAGAGGCTTGGCCCGCACCA	IL1F10	5464	5767	5656	5793	5896	5326	6188	6075	4026	8399	7884	7295
MAGEB3_TATGTTGGTGCAGTTCCTGA	MAGEB3	4198	4224	4090	4612	4181	4024	4021	4048	2592	5033	5496	4947
TGM6_GACAGCGGCATCATCTTCCG	TGM6	2991	3037	2833	3565	3028	2718	2853	3380	2213	3763	4168	2933
VN1R2_ACAACTACCTGGAATAGTGT	VN1R2	5957	5276	5413	5438	6093	5288	5883	6047	4369	7462	6390	6969
KRT74_TCGGCGTATTTCTTTCAATG	KRT74	6046	5701	5386	6351	6173	4849	5977	6392	4121	7534	7219	7011
MRGPRD_CTATCTGGTTCAAGTGTCAC	MRGPRD	6646	6263	6378	6819	6288	6251	6787	7629	4314	9100	7970	7405
OTUD6A_CCGCCACCAACGCGAGAGGC	OTUD6A	1031	1055	1065	1237	1238	1092	1148	1048	692	1739	1233	1496
PSMC2_GCTGTGTAATCATTAAGGAG	PSMC2	3567	3918	3509	3675	3851	3800	3809	3847	2408	4470	4621	4870
TRIM42_GAGGCCGGTGGTAATCATGT	TRIM42	6957	7161	6514	6882	7026	6698	7733	7333	4919	10300	10104	9940
KRT9_TACAGCTACGGCGGAGGATC	KRT9	5384	5020	4807	5353	5066	5030	5714	5852	3596	5492	5672	5976
CABP5_AGTTCGATAAGGACCGAGAT	CABP5	4825	4719	4540	4936	5191	4274	4737	5283	3400	6571	6400	5662
HTR3D_AGCATGTGATGAAGTGCTAG	HTR3D	2004	1955	1821	2072	2226	1935	2173	2299	1512	2719	2844	3699
LUZP4_TTCCGACTGGGATGATTTGG	LUZP4	6597	6892	5842	6833	6572	5977	6850	7422	4480	9419	8313	8375
PSMB2_CATGGACTACCTGGCAGCCT	PSMB2	3685	3712	3492	4026	4101	3197	3757	4035	2715	4924	5005	5248
KRT74_AGATGCAGCCTACGCAGTCA	KRT74	6603	6974	6237	6791	6932	6193	7140	7425	4953	8476	7084	6527
TAAR1_ATAATTCTGACCACACTCGT	TAAR1	3478	3645	3682	3909	3952	3383	4064	4240	3099	5000	3974	4290
NPSR1_CTGAGCAATTGATAACTCTG	NPSR1	4653	4982	4475	5231	4727	4487	5334	5621	3642	6715	5925	5912
DEFB129_CTGGTACTGTAGCATGAGGC	DEFB129	3256	3214	3034	3535	3301	3114	3501	3415	2244	4827	4627	4314
KRT77_CCGCGTTTAGTTCAATGAGC	KRT77	2340	2276	2241	2443	2422	2508	2816	3030	1757	2850	3014	2295
LHX5_CAACTCGACCTCGTCGGACA	LHX5	3113	3182	3101	3367	3400	3126	3256	3780	2365	3396	3965	3340
VN1R2_TAAAAGAATCCCAGAGACCA	VN1R2	3507	3259	3274	3599	3412	3547	3761	3742	2532	4485	4164	3730
TAAR8_ATTGAAACTCCCTATTCTCC	TAAR8	4947	5047	4799	5335	5092	4811	5717	6378	3961	6497	6662	6419
PSMA3_GGAATCCCTACGCGTCCCTT	PSMA3	5770	5469	4873	5610	5804	5059	5812	5246	3963	7518	5549	6020
LHX5_GACGGACAACTCGACCTCGT	LHX5	4319	4047	4030	4437	4476	3934	4498	4880	3289	4690	5657	5776
TAS2R13_CAAGAGTGAAGATACTCGGC	TAS2R13	2461	2659	2418	2875	2650	2525	2680	2958	1946	3603	2945	3354
NPHS2_CAACCTTGTGGTAGGTATCC	NPHS2	5233	5245	4712	5425	4903	5219	6093	5950	3746	6583	7168	6170
MAGEB3_AAAAGCTTCTTTCAACATGG	MAGEB3	2722	2663	2421	3037	2412	2906	2840	3148	1753	3621	3214	3465
OC90_CCATAGTCTTCAAAGTCTCG	OC90	3612	3579	3367	3611	3831	3641	4141	3990	2774	5023	4664	4871
HTR3D_ATGAGTGGCGACACTGTAGT	HTR3D	7058	6295	6698	7240	6828	6167	7144	7418	4458	9698	9871	9124
HTR3D_GCATGGCAACTGAGAACCTA	HTR3D	4962	4700	4510	4893	4886	4769	5127	5534	3439	7050	7596	6336
OC90_CCTCTGTGCTAAGTTTGGCG	OC90	1839	1877	1595	2098	1696	2027	1770	2005	1234	2572	2974	3146
OR9Q2_CATAACCGAGAAGGCCCGCT	OR9Q2	4833	4676	4331	5306	4628	4377	4847	5147	3357	6812	5986	6134
PIWIL3_CGACGTGGGCGTGAGTTCTT	PIWIL3	5795	5240	5007	6028	5439	4918	5457	5956	3852	7345	7369	6591
RNASE9_AGTAATGTTCTGCCACCCAA	RNASE9	4462	4292	4202	4743	4698	3963	4609	5256	3160	6490	5525	5582
TAS2R9_TCATGCTTGCGATTCTTCTG	TAS2R9	3951	3908	3611	4412	3753	3783	3930	4173	2771	5220	6167	6017
TRIM42_ACTCGATGATGCGGCTGGAT	TRIM42	7867	7277	7495	8178	7883	6721	8393	7954	5174	11266	12375	10610
POU4F2_TTGCAGAGCAATATATTCGG	POU4F2	3405	3560	3351	3871	3834	3201	3905	3862	2715	3751	3618	3468
TPH2_CCCGAAGAGCATCAGCTACT	TPH2	2849	2658	2733	3197	3144	2701	3214	3382	1957	2626	2867	3194
PLA2G2E_CACCAGTCAGTCTGGTCCAC	PLA2G2E	6810	6296	6260	6962	7044	6312	7280	7260	4487	6370	7400	6674
IL22_TGGTGGCCAGGGTCCCCATA	IL22	5765	5946	5701	6690	6552	6073	6360	6773	4086	6722	6903	5697
KRT77_GTTTAGTTCAATGAGCAGGC	KRT77	1039	1224	984	1544	1146	1100	1338	1550	775	1383	1487	1166
KRT74_GATTCCCTCCAAGGCTATAG	KRT74	6160	6288	5980	6505	6746	5763	6575	6757	4337	7082	6450	6572
KRT25_CAGAACAGCATTAGCATTGC	KRT25	3593	3505	3260	3818	3739	3429	3981	4062	2809	4349	4337	3942
RNASE9_GTGGCATTCCAGGTTCAATA	RNASE9	4919	4698	4365	5230	5426	4757	4997	5508	3702	6016	5335	5211
KRT77_ACCGATGTAGTTCTCCAAGA	KRT77	5845	5985	5638	6327	6264	5512	6603	6702	4155	6394	7450	6326
LYZL6_AAAGGCGCTACTCATCTATT	LYZL6	8507	8569	7980	8682	8414	8203	8271	9136	5930	9660	8889	8547
TAS2R13_ACTGATCAACTGCATTGACT	TAS2R13	3260	2988	3097	3615	3325	3085	3437	3853	2356	4196	3786	3444
VN1R2_CCAGGATTCCAACAACTACC	VN1R2	3463	3313	3287	3906	3726	3252	3990	4561	2797	4986	4436	4184
CABP5_AGCATTTCTTGAGTTCGATA	CABP5	1818	1703	1620	1919	1934	1906	2033	1860	1295	2107	2187	2063
OTUD6A_CCGCTTGCCATTCAACATCA	OTUD6A	3916	3875	3896	5075	4322	3837	5349	5452	3610	6130	5856	5399
NLRP5_CCAGCACAGCACGATCCTTC	NLRP5	3043	3280	2868	3929	3241	2809	3414	3733	2418	4823	3625	3343
ADH7_ATTTACCGAGTACACAGTGG	ADH7	5019	5190	4535	6165	5199	4909	5569	5544	3707	6130	5945	6043
NPHS2_CTTGTGGTAGGTATCCAGGC	NPHS2	5217	5000	5012	5371	5575	5098	5547	6066	3731	7039	5729	6060
RPTN_GATAGCAGGCTTGGACCAAC	RPTN	4972	4974	4620	5382	5186	4658	5025	5532	3480	6946	6137	4467
LHX5_GAGGATGGGCCGCTCGCAAC	LHX5	3899	4247	3570	4240	4262	4052	4454	4488	2804	5198	4473	4969
FCRL4_GAACCTCGAGGGTGTTTCCT	FCRL4	4448	4389	4094	4603	4752	4181	4312	4474	3184	4731	5236	5153
OR12D2_AACAGATATCCAGGTAGGAC	OR12D2	2001	2019	1909	2225	2025	2286	2186	2325	1540	2867	2614	2382
KRT25_TGCCTTCGGAGGCAGCTCAT	KRT25	5432	5364	5106	5638	5584	5528	5805	6226	3966	6798	6925	6203
OTUD6A_TGAATCTGTCGTCGAAGACC	OTUD6A	3351	3276	2809	3302	3768	2986	3655	3857	2450	4947	3694	4113
OR9Q2_AAGGAAGAACTCCGTCACTA	OR9Q2	3768	3690	3853	4218	4241	3749	3916	3975	2716	5092	4168	4312
PSMB3_GGAATTGCTCTGGCGATCGA	PSMB3	2555	2711	2393	2816	2837	2856	2819	2692	1723	3314	3438	2638
IL22_TTGGCCCTCTTGGTACAGGG	IL22	7156	7566	7066	7973	7323	6767	8129	7395	4707	8479	8085	8426
RPL27_CTCATTTAGAACATTGATGA	RPL27	3232	3369	3041	3754	3481	3112	3446	4410	2406	4657	4242	4106
KRT74_AAATACGCCGATTCCCTCCA	KRT74	6085	6485	6022	6957	7319	5892	6377	6848	4508	8242	6643	7480
RPS11_CGGCCGCCTGAAAAAAAGAA	RPS11	2287	2374	2132	3136	2453	2366	2735	2952	1722	3069	3405	3135
FCRL4_GTCCAGATTCCCGAACCTCG	FCRL4	3475	3706	3423	4238	4169	3453	3786	3957	2643	4494	4600	4293
KRT77_CCGATGTAGTTCTCCAAGAG	KRT77	7246	7519	7109	8454	9063	7424	7839	8192	5313	9051	9698	8002
TGM6_GACCTAGGCCCCTCTTACAA	TGM6	5060	4905	4644	5571	5021	4940	5445	4849	3693	5791	6141	6004
PIWIL3_CGTAGGCAATCTGGCGACGT	PIWIL3	5779	5841	6128	6452	6246	5759	6612	5966	4487	8046	7191	6582
NPHS2_TTCCATTCGGTAGTAGCAAA	NPHS2	3126	3463	2809	3698	3698	3193	3521	3729	2455	4782	4187	3771
KRT25_TATGGTGGGGGAACCAGCTT	KRT25	5482	5262	5152	5662	5944	5256	5200	5773	3954	6235	5642	7428
DEFB129_CTACAGTACCAGGTGAACAC	DEFB129	1809	1927	1927	2328	2036	1942	2228	2339	1532	3527	2126	2719
TAAR1_GCAGATCTCACCATACTGTA	TAAR1	3524	3785	3248	4400	3524	3522	3654	3975	2455	4649	4708	3874
CRYGB_AGATCACCTTCTACGAGGAC	CRYGB	3557	3283	2998	3688	3629	3116	3269	3647	2388	4301	4413	3620
DEFB129_ACAGCACTAGAATTCTTGGC	DEFB129	4416	4396	4094	5757	4675	4077	5005	5371	3200	6428	4671	6530
RPTN_CTAGCTTATGATAGCAGGCT	RPTN	5131	5226	5123	5469	6305	4936	5646	5830	3948	6186	7391	6359
LHX5_GGAGAAGTGCTTCTCGCGCG	LHX5	4103	3912	3685	4843	4134	3530	4213	4135	2798	5741	4988	4051
OR9Q2_GACGATCGCCACGGATCAGG	OR9Q2	5527	5634	5004	5901	5723	5030	6172	6402	3934	7371	7608	6273
LHX5_CGCTTTGGCACGAAATGCGC	LHX5	1278	1199	1326	1599	1882	1117	1280	1555	1043	1605	2081	1877
FAM71B_CGCACTAGCCGTTCCGTGGG	FAM71B	7112	6692	6382	7421	6863	6519	7641	7571	4537	8581	8265	8235
ADH7_CTAATGCAAAGGTTGCCATC	ADH7	4658	4598	4204	5469	4965	5131	5175	5440	3304	6184	5760	6133
PLA2G2E_ATAGTCGTTGTACTGCAGGG	PLA2G2E	4895	4974	4543	5313	5290	4634	5034	5653	3247	6702	6101	5307
TGM6_TGGCAGGGCAAGTACGGCGG	TGM6	5002	4939	4554	5848	5440	5031	5194	5332	3680	6734	5770	6145
NPHS2_AAGAGTAATTATATTCCGAC	NPHS2	1601	1651	1555	1973	1877	1794	1702	2108	1118	2308	1890	2687
PLA2G2E_GCCCTGCAGTACAACGACTA	PLA2G2E	5042	4630	4640	5666	5410	4475	5125	5421	3087	6035	6037	5593
OR12D2_TGCCATCACGGCGAACAACA	OR12D2	1339	1560	1485	1859	1720	1537	1745	2096	1289	2217	2889	2145
KRT9_TGACAACACTCGCATGACAC	KRT9	4175	4377	3870	4681	4269	4079	5089	4992	3270	5721	5904	5964
TGM6_CAGCAACAACGACCGAGGTG	TGM6	3913	3783	4074	4532	4121	3798	4387	4428	2690	5372	5201	4731
KRT77_TGCCTCGCCTGACAGGTATG	KRT77	7806	7540	7170	8453	8310	7475	8163	8737	5238	9408	9750	9269
PLA2G2E_ACCGGGAACCTGGTTCAGTT	PLA2G2E	9526	9244	9032	11309	11021	9495	9487	10454	6697	11876	11731	10594
IL22_GGTTGGTGATATAGGGCTGC	IL22	2665	2579	2479	2980	2881	2468	2613	3247	1995	4303	3348	3272
NPHS2_GGCCCCTAAGCCGGAGGATT	NPHS2	4669	4685	4554	5381	4846	4837	4727	4242	3387	5169	6479	5205
TAAR8_ACGCCGTGTACAGAATTACC	TAAR8	2836	2875	2669	3337	3163	2772	3269	3267	2217	4269	4242	3546
TAAR8_GCAAAGCTGCACAACAGGTT	TAAR8	3684	3957	3509	4522	3898	3759	3881	4362	2566	4410	4982	5167
ABCG8_AGCCGATGGCTGTGAAATAC	ABCG8	4478	4538	4227	4981	4806	4268	5029	5225	3295	5560	6598	6368
ABCG8_AGGATTGCTGTAGCGAGGAC	ABCG8	3419	3295	3432	4203	4056	3389	3563	3258	2105	5332	4319	4790
ABCG8_AGGTGGGTTCGTCGAGAATA	ABCG8	5143	5201	4727	5664	5290	5190	4984	5523	3557	7179	7159	7320
ABCG8_ATGTACGTGCGGGGGTTGTC	ABCG8	4161	4045	3832	4927	4353	4063	4309	4684	2816	6330	6886	5512
ABCG8_CTAGATGTGATCACTGGCCG	ABCG8	7000	7208	6661	8309	7274	7511	7855	8013	5452	10425	10304	10832
ABCG8_GCGTGGGCAACATGTACGTG	ABCG8	5098	4959	4525	5773	5359	4756	5208	5210	3290	8248	7680	7731
ADH7_TCAAACAGTATTACTGGTCG	ADH7	4471	4620	4332	6061	5390	5653	4371	5002	3345	8811	7088	6865
ADH7_GTGTTCATGAAGTGGTGGAC	ADH7	2394	2577	2296	3063	3135	2601	2472	3063	1708	3925	4010	3720
ADH7_TATTACTGGTCGTGGAGTAC	ADH7	4677	4536	4148	5278	5269	4855	4911	4868	3386	6776	6130	6690
CABP5_AGATGGGTTCATCTCTTGTA	CABP5	8725	8571	8326	9927	9828	8789	9273	9787	5818	10850	11714	10515
CABP5_TTGCTGAGAAACAGCGGGTG	CABP5	3197	3005	2940	3168	3473	3269	3515	3729	2339	4301	4357	4541
CABP5_CCCTCCATGCAGTTCCCCAT	CABP5	8033	8481	7616	8635	8532	8006	8978	9567	5410	10962	10730	11445
CABP5_GACGATGGGTTACATGCCCA	CABP5	7640	7279	6729	8345	8345	7295	7536	8090	5142	11798	10272	10308
CABP5_GGGAATCTCATGAGGACGAT	CABP5	4496	4560	4206	6415	5618	4963	4529	5272	3241	7055	6235	6804
COPA_GGACCGATTCTTACGACAGC	COPA	3186	3192	3014	4104	4098	3493	3069	3338	2237	4699	4701	4805
COPB1_TCAGCCGCCGTCATGGTTTC	COPB1	7280	6997	6396	7710	7250	6604	7260	7780	5126	10464	10054	10775
COPS4_CCAGCTCAGCGGTGGATGCG	COPS4	4723	4292	3972	4702	4695	4401	4551	4590	3184	6043	5977	4865
COPS8_GCAGGCAAATTCTGAACTTG	COPS8	5035	5070	4671	6704	6830	5956	5004	5567	3727	8097	8867	7770
COPZ1_GGTTTACCAGTGGTGATGGG	COPZ1	7303	7385	7541	8045	7566	7144	7557	8348	5243	10295	10332	9277
COPZ1_TCTGGTTTACCAGTGGTGAT	COPZ1	4757	4496	4392	5944	5326	4854	4593	5032	2983	7449	5821	5896
COPZ1_CCACGTCGGCACCAGCTGCG	COPZ1	5128	5100	4965	6271	5473	5279	5067	5915	3799	7606	7995	6915
CRYGB_TGAAATAGGGTTGTAGGTTG	CRYGB	6960	6636	6117	8222	7474	6753	6599	7192	4561	8615	10059	8523
CRYGB_AGCGGCTGAAATAGGGTTGT	CRYGB	4859	4571	4442	5294	5156	4832	5085	5596	3328	7332	8036	6798
CRYGB_CCAGTACTTCCTGCGGCGTG	CRYGB	5613	5443	5566	6389	6445	5474	5759	6261	4000	9190	7996	8266
CRYGB_CTGAAATAGGGTTGTAGGTT	CRYGB	6115	6218	5571	7250	6804	6002	6554	6396	4409	8905	8239	7880
CRYGB_GAAAGGTAAGTCCTGGGTAC	CRYGB	6580	6311	6313	7317	6260	6100	6620	6613	4627	8477	8561	8824
CRYGB_GCTGAAATAGGGTTGTAGGT	CRYGB	4729	5025	4390	5304	5433	4561	4919	5029	3436	7868	6764	6251
CYP7A1_ACCGAGTGATGTTTGAAGCT	CYP7A1	6013	6352	5799	6341	6405	5943	6936	6433	4395	9217	8403	7572
CYP7A1_GGCAGCGGTCTTTGAGTTAG	CYP7A1	8636	8447	7770	10743	9872	9113	8493	9306	5771	12400	12831	11713
CYP7A1_TACCGAGTGATGTTTGAAGC	CYP7A1	3026	3075	2908	3915	3871	3542	3090	3346	2039	4984	4497	4269
DEFB129_CAGATTCAAGGCTTCCTCTC	DEFB129	6930	6639	6571	7023	7247	7133	7172	7484	4752	9343	8881	8213
DEFB129_CAGCCTCATGCTACAGTACC	DEFB129	9225	8888	8050	10377	10201	9573	10011	9816	6049	15056	12035	14275
DEFB129_CATTTGGTGTTCCATATTGC	DEFB129	7036	7134	6600	9540	8231	8339	7480	7540	4722	12701	11092	9070
DEFB129_CCACATTACCTGTGTTCACC	DEFB129	4670	4785	4614	5424	5370	4550	5482	5727	3541	7066	6795	6421
DEFB129_GACGCTGTTTAATGGGTTTG	DEFB129	6988	6590	6127	8785	8506	7649	6818	7027	4689	9213	11280	9907
DMRTB1_CCCCAAAAGGGGGTCCCGCA	DMRTB1	4857	5230	4631	5772	6104	5562	5406	5246	3454	7990	9095	7910
DMRTC2_CGCCTCCTGCTGCCTACGCA	DMRTC2	5306	5195	4593	6314	5646	5254	5387	5631	3515	8108	6995	7328
FAM71B_AAGCCGCACTAGCCGTTCCG	FAM71B	5095	4765	4692	5825	5935	5263	4853	5137	3795	9006	7947	7321
FAM71B_TGTTGTACAATTGTCGTTGC	FAM71B	5035	5105	4753	7029	6564	5548	5276	5807	3467	7199	8074	8249
FAM71B_ACTGCCTGACGTCATGGTTC	FAM71B	9055	9297	8425	10123	10377	8765	9992	10934	6709	15461	14239	15863
FAM71B_AGCCGCACTAGCCGTTCCGT	FAM71B	7646	7726	7208	9017	8869	8763	7753	8686	5485	13451	12022	11713
FAM71B_CTCCCACGGAACGGCTAGTG	FAM71B	4432	4137	3913	4958	5114	4560	4683	4407	3006	7241	7167	6692
FAM71B_GATGGGGCCGGTTTGCCAAG	FAM71B	10372	10684	9989	11697	11997	10704	11278	10835	7226	14464	15225	14015
FAM71B_TACGGCCAGTGGCGAGTTTC	FAM71B	6294	6428	5641	7757	7574	7114	6633	6516	4282	10177	11299	9134
FCRL4_CTCTCCAGACGGTTGGGAGC	FCRL4	3307	3209	2897	3930	4070	3239	3424	3498	2394	4804	4567	4506
HTR3D_GCTTTCAGATGTCTTCATCG	HTR3D	5367	5141	4921	5599	5587	5334	5405	6004	3806	8469	6649	6850
HTR3D_CACTTACCTGTGTAGGTGAA	HTR3D	3639	3336	3153	3965	3915	3413	3163	3423	2379	5979	4637	5459
IL22_AGCCAGCATGAAGGTGCGGT	IL22	3635	3452	3362	4520	4126	3685	3743	4326	2498	5316	5419	4420
IL22_CTGTGAGCTCTTTCCTTATG	IL22	12788	12190	11638	17491	16452	14283	13125	13315	8693	20697	21741	20555
IL22_GAAGGTGCGGTTGGTGATAT	IL22	8066	8282	7609	8908	8272	7621	8117	8685	5708	9965	11019	9703
KRT25_TCAGTATGAAACCCTGAGTG	KRT25	3161	3009	2824	3967	3393	3221	3461	3115	2191	4232	4190	3780
KRT74_CATTCTCTGCTGTCGTGCGC	KRT74	3421	3353	3076	4575	4142	3568	3409	3258	2532	5271	4783	4085
KRT77_TTGCTCTTAGGTGCGATTCC	KRT77	7902	7898	7238	8526	7775	7175	8005	8587	5211	10843	10664	9130
KRT77_CTGTGTGTTATGCTCGAGGG	KRT77	4926	5195	4843	5993	5121	4939	4891	4922	3440	6876	6690	6815
KRT77_GGAGCAGATGCGCCAGAACG	KRT77	4774	5131	4565	6078	5556	4819	5180	5149	3165	7753	6823	6490
KRT9_CTGCACCTTATCCAAGTAAG	KRT9	5150	5303	5213	6549	6807	5506	5831	5868	3752	7521	7634	7149
KRT9_TAGTTTAGGCGGTGGCTTTG	KRT9	4827	4747	4908	5232	5322	4945	4896	5794	3286	8891	6729	7177
LHX5_TGCACTGCGCCGGTTGCGAG	LHX5	6183	5786	5645	7001	6998	6578	6160	6594	4174	8960	11064	9246
LHX5_CACATTTGATGTGCCACGCG	LHX5	4116	4162	4105	5513	5577	4635	4578	4804	3234	7429	6433	7020
LUZP4_AGTGTGTGGCGCCATGATGC	LUZP4	5521	5652	5283	6406	6116	5475	6366	6433	3794	8735	8384	8367
LUZP4_GCGCCATGATGCAGGGAAGA	LUZP4	3880	3921	3373	4181	4248	3905	4077	3912	2602	6111	6495	6013
LUZP4_GCGCCCTACCTCGGAGTGTG	LUZP4	5428	5336	5159	5783	5628	5365	5289	6151	3678	7941	7854	8146
LUZP4_GTGTGTGGCGCCATGATGCA	LUZP4	5520	5769	5034	6110	5903	5247	5741	6059	3553	8230	7933	7568
LUZP4_TGGGATTCTTCTGATTTGTC	LUZP4	8087	8168	7364	9436	8904	8505	8193	8261	5302	13455	12404	11502
LYZL6_TGATGAGGCTGGCCTGATTT	LYZL6	8703	8693	7448	9671	9541	8203	8995	9120	6438	11810	13171	11087
MAGEB3_TTCAACATGGAGGTGGTATT	MAGEB3	4627	4699	4414	5771	5113	4699	4660	4584	2883	7521	7768	7109
MAGEB3_AGCTTCTTTCAACATGGAGG	MAGEB3	6399	6623	6037	7709	7558	7438	6430	6782	4455	9161	8325	7681
MAGEB3_ATATTTGTCTTCATGATTAG	MAGEB3	6357	6113	5700	8146	8242	7667	6494	6631	4321	9876	10780	10349
MAGEB3_GTGAGAAACGCCAGCAGACC	MAGEB3	3755	3551	3372	4234	4469	4182	3607	4131	2491	5200	5247	4875
MAGEB3_TGTAGTCAGGAACAGCAGGC	MAGEB3	4629	4337	4253	5251	5289	4703	4096	4877	2870	5898	5621	5763
MRGPRD_CAGCTCGTGGACCTTGTCAG	MRGPRD	6093	6118	5778	6928	6683	5819	6386	6729	4246	8906	7775	7234
NLRP5_ATCCTCCTCCTCAGCGAATT	NLRP5	6951	6926	6258	8707	8251	7506	6661	7315	4316	11482	10742	10428
NLRP5_TAAGAGGCTGTCGACGCACG	NLRP5	4759	4401	4118	4988	5079	4824	5025	5159	3152	7015	6477	5240
NLRP5_CCTGAAGCGCTTCTGCCGTA	NLRP5	6732	6391	6110	7901	8142	7241	7253	7142	4663	11486	10495	10262
NLRP5_CCTGTGAGCGTTTGGTTGAA	NLRP5	6641	6561	6162	9164	8454	7661	6826	6977	4572	11416	12561	10436
NLRP5_CGCCTTGTACTACGTGTTAG	NLRP5	5601	5250	5204	7334	6891	6014	5470	6159	3999	9599	8199	8471
NLRP5_CGGGACATGATCTCCGTCAC	NLRP5	7775	7244	7083	8354	7838	7638	7724	8304	5472	10772	9183	10247
NLRP5_GCAGAACCACCGTGCGAGGC	NLRP5	3340	3336	3245	3921	4086	3640	3666	3672	2382	4669	4390	4551
NPHS2_GGTACCAAATCCTCCGGCTT	NPHS2	7527	7623	6960	8820	8363	7037	7539	7539	5482	9858	9965	9919
NPHS2_GTACCAAATCCTCCGGCTTA	NPHS2	9279	9450	9137	12283	11023	10614	9689	9775	6655	13651	14406	12966
NPSR1_ACCACTCGGCAAACCAGGTC	NPSR1	3846	3579	3423	4592	4363	4020	3504	4109	2603	5564	5366	5678
NPSR1_AGGGCAGCTTCGATTCCAGT	NPSR1	7745	7209	6884	7800	7881	7102	7993	8772	5173	10757	9767	8957
NPSR1_CACAACGGAGTTTCCAACAA	NPSR1	4798	4736	4638	5561	5198	5489	5571	5322	3471	7952	7043	8023
NPSR1_CCTGCAAATAGCGGACCACT	NPSR1	4691	4355	4073	4605	5158	4621	5115	4856	3448	7865	6757	6391
NPSR1_GAGGGCAGCTTCGATTCCAG	NPSR1	5220	5498	5172	5727	5187	5414	4863	5626	3771	7182	7322	6128
NPSR1_GGCTCCAGGCGATCACAATG	NPSR1	4905	4522	4309	5148	4983	4220	4841	5533	3386	6665	6951	6367
NPSR1_TACCCCATGAAGTTCCTTCA	NPSR1	3739	3870	3470	4595	4703	3648	3964	4591	2539	5975	6223	5280
NUP133_CCACGCCCCGGACGGCTAGC	NUP133	3705	3563	3476	4193	4261	4053	3489	4075	2482	5759	7214	5298
NUP133_TACTGATGTTTGAACTCGTC	NUP133	3530	3586	3203	4780	4557	4133	4024	3798	2303	6344	5991	5721
OC90_TGCTAAGTTTGGCGGGGTCT	OC90	2640	2609	2261	3182	3436	3050	2801	2827	1778	5142	3856	4848
OLIG2_AGAAAAAGGTCATCGGGCTC	OLIG2	2816	2654	2616	3557	3556	2942	3255	3108	1736	5104	4314	4977
OLIG2_TGGAAAGCTTGCGCACCGAA	OLIG2	1993	1985	1727	2403	2425	2172	2101	2026	1343	3110	2980	2696
OLIG2_CATCGGGCTCTGGCGACGAC	OLIG2	3421	3512	3181	3823	4137	3453	3685	3846	2656	5917	4686	5458
OLIG2_CGCCGACGACGTAGACGACG	OLIG2	4097	4146	3771	4871	4847	4186	4440	4721	3298	6876	6064	6682
OLIG2_GAGGTCATGCCGTACGCACA	OLIG2	5862	5487	5486	6765	5628	5122	5733	6561	3633	9305	6980	8220
OLIG2_GTGCGTACGGCATGACCTCG	OLIG2	5978	5572	5525	6523	5998	5084	6067	6997	3992	8794	9348	9088
OR12D2_CACTCCCAAGAGGAGAAATT	OR12D2	5899	6040	5327	5972	6231	5938	5715	6570	4178	8124	7473	7403
OR12D2_CCAGATGGCCATCACAATCT	OR12D2	5123	5151	4863	5900	5387	4952	5952	5416	3753	7128	6998	7984
OR12D2_CCAGGTAGGACAGGTTTCCC	OR12D2	7265	7214	6626	7785	7440	6430	6970	7991	4827	10014	10697	8903
OR12D2_CCTGGGAAACCTGTCCTACC	OR12D2	3565	3603	3343	3756	4181	3650	3553	3708	2529	6041	5240	5538
OR12D2_GCTTCATTTCTTCCACTCCC	OR12D2	4071	3873	4262	5250	4604	4088	4439	5212	2943	6768	5748	5369
OR52E8_ACAAGAGAGCAGTGTTTCCC	OR52E8	4680	4500	4548	5352	5081	4840	5116	5127	3237	6849	6185	5711
OR52E8_TCCTGCCATATAAAGCTGCT	OR52E8	4531	4583	4264	5531	5591	4979	5902	5663	3177	8122	6932	6686
OR52E8_AGCCACCATCCCCAAAATGT	OR52E8	4658	4972	4384	5505	5920	4920	5096	5050	3555	7214	7016	7355
OR52E8_AGGAATATTATAATCGTCGC	OR52E8	1946	2000	1893	2819	2346	1957	2248	2128	1208	2773	2745	3185
OR52E8_ATGTTGGATTCCATTGACCT	OR52E8	8138	8295	8108	9515	10326	8558	8428	9032	5607	12347	11801	10881
OR52E8_CAACCATGTACAGGCTCCTC	OR52E8	7179	7164	6797	7929	7767	8107	7778	7639	5052	11380	11031	9749
OR52E8_GCCCAGCAGCTTTATATGGC	OR52E8	5096	5030	4809	6063	6194	5411	5359	5679	3463	6596	8035	6897
OR52E8_GCCTCCAAAAGATATTTCTT	OR52E8	6850	6860	6690	8607	8288	7128	6977	7601	4766	11334	10567	10086
OR52E8_GTGTGCCCAGCAGCTTTATA	OR52E8	9399	9276	8786	11183	10557	9268	10050	10083	6507	12806	11872	12185
OR52E8_TATGGAGAGCATTGTGTTGG	OR52E8	6075	6000	5315	7685	6996	6093	6644	6347	3886	9997	9403	8542
OR9Q2_TGTGGAGCCGACGATCGCCA	OR9Q2	3865	3842	3629	4195	4240	4065	3924	4457	2881	5857	5336	4514
OR9Q2_GCGGGCCTTCTCGGTTATGA	OR9Q2	8008	7954	7486	8899	7842	7544	8229	8431	5477	9695	10172	10942
OTUD6A_CCTGGCCGGCTTCAAGCGCG	OTUD6A	3780	3589	3371	4063	4028	3670	3521	3782	2494	5750	5931	5147
OTUD6A_GCTCCTGCCTCTCGCGTTGG	OTUD6A	6399	6320	6042	8637	8198	7933	6775	7554	4428	12578	11722	11289
PIWIL3_GCGTAGGCAATCTGGCGACG	PIWIL3	5581	5546	5121	6126	6116	6177	5954	6203	3947	8482	8539	7708
PLA2G2E_ACGCCCACGACTGCTGCTAC	PLA2G2E	8153	7573	7638	8099	8415	8134	8272	8481	5379	9927	8949	10290
PLA2G2E_ACGCCCGTAGCAGCAGTCGT	PLA2G2E	3148	3123	2834	3316	3262	3163	3278	3178	2097	4111	4432	4706
PLA2G2E_AGCCATAGTCGTTGTACTGC	PLA2G2E	5255	4939	4873	6028	5741	4843	4912	5960	3688	8009	8935	7302
PLA2G2E_CGACTGCTGCTACGGGCGTC	PLA2G2E	4524	4649	4240	4614	5853	4505	5016	4811	3322	7131	6904	6605
PLA2G2E_GACGCCCGTAGCAGCAGTCG	PLA2G2E	4952	4787	4700	5087	5504	5079	5218	5175	3580	6870	7674	6256
POLR2A_GCCTAGAGTTGTATGCGGAA	POLR2A	4078	3887	3645	4782	4751	4768	4136	3989	2715	7065	6816	6598
POU4F2_CAGGCGTTTAGCATGCCGCA	POU4F2	3842	3843	3831	4632	4732	3648	4476	3995	2894	6131	6016	5824
POU4F2_CATCTCGCACCCTTCCGCGT	POU4F2	4509	4406	4439	5356	5316	4499	4549	5007	2887	5902	6423	5176
POU4F2_GCGTGCCCGCCAACGCGGAA	POU4F2	3050	3145	2699	4136	3630	3279	2951	3216	2241	4836	3954	4710
POU4F2_GCGTTTAGCATGCCGCACGG	POU4F2	4153	4080	4161	5257	4891	4373	4561	4905	2820	6281	5971	6029
POU4F2_GGCGGCCGACGTGCACGGGA	POU4F2	3130	3108	2913	3452	3603	2831	3210	3481	2107	4889	3956	3807
POU4F2_GTAGGTGGCGTCCGGTTTGA	POU4F2	2648	2599	2620	3526	2987	2999	2667	2713	1925	4730	4690	4672
POU4F2_TCGCACCCTTCCGCGTTGGC	POU4F2	4098	3868	3839	5111	5075	4581	4282	4864	3143	6271	7350	6140
PSMB2_CAAGAACATAGTCGGGGCCT	PSMB2	3298	3134	3370	4112	3920	3161	3700	3716	2549	5118	5309	4673
PSMB3_CACCGCAATCATGGTGAGAT	PSMB3	6343	6386	5778	6768	7700	6134	6428	6647	4737	9513	8687	8326
PSMC2_CCATGTCAACTGACCTCGGA	PSMC2	2239	2243	2289	2715	2415	2394	3043	2858	1752	4007	3798	3333
PSMD1_TCGGCAGTTTGCAGCCTTAG	PSMD1	7702	7767	6946	8901	8156	8701	9120	8822	5517	11748	10523	11408
RNASE9_AGACGTGTCCTTATTGAACC	RNASE9	3029	2936	2673	3658	3410	2904	3261	3507	2064	5009	5094	4402
RNASE9_CTGCTGCGGCAATAGAAGCA	RNASE9	3495	3300	3003	3814	4198	3789	3800	3710	2487	4858	5034	4418
RPL27_CTCCTTGCTCTCTGCAGAAA	RPL27	5495	5675	5524	7256	6625	6237	5879	6064	4221	8943	9382	9276
RPL27_GCCCATTTCTGCAGAGAGCA	RPL27	4347	4315	3900	4880	5157	5039	4113	4783	3059	6377	5976	6459
RPL30_GGCCGTCCCGCTCCTAAGGC	RPL30	3959	4170	3809	5127	4684	4029	4473	4006	2754	5736	6417	5372
RPL36_CCGCACTCACCCCGCGGCGT	RPL36	1992	2041	1927	2415	2432	2357	2429	2166	1498	3276	3381	3045
RPS24_AGCATTGGGAAGAATTTCCC	RPS24	3364	3094	2929	3658	3524	2955	3600	3326	2219	4792	4605	4120
RPS24_GCAGATGACTGCACGGGCCC	RPS24	4220	4211	4047	4745	4443	3903	4360	4388	2770	6230	5887	5441
RPS7_GCTGTGCCTTCAGTTCTCCC	RPS7	9980	9930	9832	10941	11371	10063	10340	10852	7421	13974	14765	13242
RPS9_CAACGCCCTGCTGCGGCGGC	RPS9	4018	3826	3737	5047	5076	4085	4251	4120	2653	7451	7216	6922
RPS9_CTCTCCCGCGCAGGCGCAGA	RPS9	4940	4910	4290	5662	5019	4735	5077	5399	3680	7921	7374	8264
RPS9_TCTCCCGCGCAGGCGCAGAC	RPS9	4349	3927	3850	4913	4929	3872	4228	4190	2807	7023	5528	6178
RPTN_ATTTGTCTGGTTAAAGTGAG	RPTN	4722	4588	4453	5790	5165	5129	5124	5303	3296	5768	7179	6746
RPTN_GAGTTCCCACTACGGTCAGA	RPTN	3445	3497	3085	4198	3612	3488	3489	3780	2508	5227	4917	4552
RPTN_TATGTCCCTGCCATTTAGCC	RPTN	6049	5844	5633	6921	6412	5656	6161	6472	4399	8048	8921	7496
RXFP2_AAAAGCTCGGGGTAAGCACT	RXFP2	5247	5428	5029	5952	5808	5083	5505	5818	3756	6899	6803	6481
RXFP2_AATTTCACAGCGCTTGTTTA	RXFP2	6939	6517	6429	7041	7154	6890	7122	7469	4805	9733	10670	8964
RXFP2_ACATAAGAGGATTGGATGAC	RXFP2	4882	4674	4741	5676	5346	4764	5064	5387	3328	7047	6470	6670
RXFP2_AGTGGATGGGCGACCATATT	RXFP2	8286	8185	7498	8748	8412	7381	8444	9025	5785	10869	10635	11357
RXFP2_CGCTGTGAAATTCTGGTTAT	RXFP2	5020	4604	4510	6912	5625	5219	5314	4919	3166	7723	6816	7538
RXFP2_GCATGGAAATGCTAACAGCG	RXFP2	2910	3111	2795	3853	3700	2931	3227	3307	2153	4473	4057	4042
SAGE1_ACAGTTGACAAGGCGTTACT	SAGE1	3527	3799	3695	4458	3978	3612	3833	4382	2580	5056	6029	5716
SAGE1_TGTTGTTGACTCTTCGACCA	SAGE1	4899	5000	4941	5593	5842	4820	5393	5928	3620	7057	6592	6697
SAGE1_AGACTTTGTCAGTTCGAGAT	SAGE1	5509	5696	5197	7282	6835	5869	5820	6143	3515	8679	8629	8080
SAGE1_CAGCTGACAAGACGTTATCA	SAGE1	7369	7521	7058	8685	8215	7286	7788	9084	5238	9637	10142	10011
SAGE1_CCCTGGTAGAACAGTTGACA	SAGE1	5405	5131	4942	6475	6075	5365	5852	6327	3852	8656	7745	7366
SAGE1_CCTGATAACGTCTTGTCAAC	SAGE1	3844	3996	4021	4518	4792	4554	4659	5359	3035	6087	6393	6042
SAGE1_GTCTTGTCAACTGGTCCCAC	SAGE1	5945	5876	5782	7040	6543	6031	6218	6669	4071	8855	7873	8787
SPATA16_GGTCTACTATTTCAGCAGCT	SPATA16	3373	3701	3414	4187	4012	3581	3921	4400	2645	5009	5407	5553
SPATA16_GTTAGGTGGGTGCGCTAAGG	SPATA16	4465	4759	4037	5296	5004	4479	4692	4993	3109	6628	6697	6540
SPATA16_GTTGGTCTACATTGATGAAA	SPATA16	4011	4068	3807	5815	5092	4731	4551	4504	2784	6027	6363	6471
SPATA16_TAGAGTCCTTCATGTCTACT	SPATA16	8456	8055	7580	8638	8284	7758	7950	8300	5429	12669	11469	11598
SPATA16_TGCTGAAGATATAGCAAGCG	SPATA16	2186	2340	2136	2898	2824	2604	2094	2389	1566	2961	3352	3376
TAAR1_CACAGCATAGTAGCGGTCAA	TAAR1	4836	5152	4518	6292	5999	5301	4768	4906	3441	7313	8637	7621
TAAR1_GGCTGAGCTCAGCATAATGT	TAAR1	5498	5589	5197	6156	5764	5294	5666	5558	3968	8600	6825	6652
TAAR1_TAAACTGATTGACAGCCCTC	TAAR1	3976	3884	3756	4512	4599	3769	4319	4592	2768	6033	5413	5477
TAAR1_TATCAGATTGCCAACGAGTG	TAAR1	5229	5012	5045	6342	6144	5657	5755	5551	3682	9282	8529	8519
TAAR1_TCTGGTCATGCCTTACAGTA	TAAR1	9568	9686	8461	10539	10657	9849	10070	9986	6865	14796	13262	11816
TAAR1_TGCTTCCCTGTACAGTTTAA	TAAR1	2628	2585	2581	3304	3228	2904	2891	2753	1932	3504	3940	3721
TAAR8_AACAGGTTGGGAAAAATTGC	TAAR8	3286	3277	3228	3826	3884	3253	3303	3363	2596	5387	5054	4412
TAAR8_TGTACACGGCGTTTAGCTTT	TAAR8	5102	5493	5006	5767	6258	4996	5672	6192	3711	9208	9474	8090
TAAR8_ACCCGGGACCCAGGAGAATA	TAAR8	4855	4871	4563	5541	5436	5219	5125	5206	3346	7404	6273	6422
TAAR8_CAAGTTCACCGTGTCTGTGT	TAAR8	4939	4758	4393	5143	5645	4698	5185	5333	3242	5986	7233	5906
TAAR8_CTGTACACGGCGTTTAGCTT	TAAR8	7476	7228	6936	8851	8338	7910	8410	8371	5618	13199	11570	11190
TAAR8_TACCCGGGACCCAGGAGAAT	TAAR8	6122	5887	5548	7422	6884	5762	5906	5359	3960	8751	7509	8060
TAS2R13_TGGAGATTGCCAAGATAATG	TAS2R13	6959	7035	6574	8021	7886	6855	6943	7015	4772	9320	9542	8756
TAS2R13_AATGAGGAGTTTATCGACTG	TAS2R13	3820	3782	3726	4621	4199	4072	4265	4320	2684	6524	4784	5704
TAS2R13_GATGATACTGCTAGGAACCT	TAS2R13	5532	5560	5424	5948	5815	5317	5235	6090	3677	6853	7901	9039
TAS2R13_TATCTAGCCATATTTGTGTC	TAS2R13	7179	7201	6370	7929	8420	7484	7725	7203	4951	10506	10829	10702
TAS2R13_TCTCCAGAATTGGGCTGATC	TAS2R13	5387	5651	4934	6331	6208	6193	5462	5820	3892	8239	8445	7991
TAS2R9_ACGCTATTGCCATATGTACC	TAS2R9	6446	6555	6419	6759	6401	6827	7440	7091	4986	10422	10345	9445
TAS2R9_TTGCCAATAATTCAAGTCTC	TAS2R9	5082	4752	4451	6195	5774	5160	4988	5591	3495	8395	7846	7949
TAS2R9_GAAAAATGGGTGCGATATAT	TAS2R9	3562	3513	3383	4376	3483	3309	3667	4051	2496	6303	4419	4985
TAS2R9_GAATTGACCATAGGGATTTG	TAS2R9	5310	5410	5143	6340	6096	5642	5600	5902	3769	9153	8547	7955
TAS2R9_GGTCATGCTTGCGATTCTTC	TAS2R9	3795	3816	3627	4603	3837	3687	4262	4411	2738	6437	5255	5121
TAS2R9_GTCATGCTTGCGATTCTTCT	TAS2R9	3669	3759	3620	4331	4589	4139	4145	4075	2458	5587	5686	4785
TAS2R9_GTGAATTGACCATAGGGATT	TAS2R9	2639	2965	2495	3299	3430	2944	3038	2788	1866	4718	5020	4130
TAS2R9_TGGCATGCCAAGTGCAATAG	TAS2R9	5585	5363	5136	6261	5755	5329	5758	6298	3928	8621	8330	7859
TGM6_AATACGTGGACTCCTTCGGG	TGM6	5527	5283	4815	6307	6053	5432	5484	5689	3755	6637	7404	6737
TGM6_GGACTCCTTCGGGCGGACCC	TGM6	4677	4454	4350	5413	5498	4932	4299	4733	2903	7509	7574	7399
TGM6_TAGCGGCCAATGACAGCACT	TGM6	4935	4736	4894	5446	5830	4529	4803	5751	3453	6613	6835	6124
TGM6_ACAACCCCATCTACGTCACC	TGM6	7484	7401	6922	8777	8085	8055	7851	7678	5252	11539	10477	10394
TGM6_ACCAGCCCGCTGCACTGGCG	TGM6	4139	4427	3850	4820	5007	4517	4169	4382	3221	6740	6111	5950
TGM6_ACCGGGGCTTCGATCCAGGA	TGM6	3594	3731	3577	4549	4324	3823	3855	4073	2309	4940	5208	5014
TGM6_GAAGTTGGACACGACCCGTG	TGM6	5501	5384	5132	6946	6163	5810	6079	6356	3703	9619	7893	7346
TGM6_GACAAATACGTGGACTCCTT	TGM6	4598	4700	4478	5289	4867	4986	4914	5208	3320	5738	6597	6341
TPH2_AGAGATCTTCCGAGGGAACC	TPH2	3497	3502	3388	4003	3803	3725	3647	3872	2303	4672	4968	4321
TPH2_CGTGAAGCTGCTACCGAAAG	TPH2	4572	4537	4336	5403	4886	4252	5061	4790	3157	6250	6259	5368
TPH2_GAGATCTTCCGAGGGAACCA	TPH2	4492	4730	4101	4752	5138	4090	4798	4549	3125	6279	6439	5035
TRIM42_ACGCCCGTGCAGGTAGTTCT	TRIM42	7152	7215	6360	8523	7447	6927	7563	8034	5111	11240	10621	10919
TRIM42_TGCGCTTGTTGCGGCAGACC	TRIM42	5130	5020	4644	6676	6504	5568	5441	6078	3576	8171	9036	8179
TRIM42_CACAAAGACGTGGTCTTGCA	TRIM42	4066	3907	3729	5511	5035	4170	4103	4281	2618	5979	6440	5548
TRIM42_CAGTGCGAGCGGTCGCACAC	TRIM42	4959	4685	4208	4974	5412	4229	4880	5053	3401	7357	7379	5935
TRIM42_CGATGAGGCTAATGGTGTCG	TRIM42	3823	3551	3535	4168	4928	3655	4162	3898	2524	6030	6334	5529
TRIM42_TCATCGACGCCTGCTCCGAG	TRIM42	4387	4287	3862	4830	4465	4288	4044	4490	3019	6553	7600	6430
VN1R2_TTGGATACAAAGCAGGAGAC	VN1R2	3849	3762	3776	4786	4642	4071	3994	4141	2429	6318	5903	4950
VN1R2_ACACTATTCCAGGTAGTTGT	VN1R2	4957	5013	4827	6305	5670	5011	5367	4983	3467	7435	7748	7320
VN1R2_CAACTACCTGGAATAGTGTA	VN1R2	6413	6440	5802	7526	7003	6466	6005	6737	4405	10009	8846	9256
VN1R2_CCAGGTAGTTGTTGGAATCC	VN1R2	5200	5325	5123	6071	5611	5409	5849	5639	3750	7858	7400	8128
VN1R2_TATGCACACAGGGTAGGCAG	VN1R2	5937	5759	5408	6650	6374	5794	5706	5672	3959	7871	9312	8418
VN1R2_TGTATGCACACAGGGTAGGC	VN1R2	5199	5253	4652	5967	6330	5101	5090	5555	3526	8123	7649	7422